[79, 472, 264918574.13119495]
[80, 471, 480653562.7082476]
[80, 472, 672173626.87493503]
[80, 473, 469810383.36858588]
[81, 470, 424325831.81280375]
[81, 471, 831480978.49179494]
[81, 472, 1103843715.9446988]
[81, 473, 843362877.23402798]
[82, 470, 375754649.3170529]
[82, 471, 699562090.0392251]
[82, 472, 883932044.76933455]
[82, 473, 686607379.17273998]
[96, 499, 249060344.09339237]
[318, 513, 341544693.73408043]
[318, 514, 242709891.44849023]
[319, 513, 441583647.27341396]
[319, 514, 319410288.34967023]
[320, 513, 450049749.85087091]
[320, 514, 340181138.63060939]
[321, 513, 269194933.76521891]
[323, 274, 523208832.65488946]
[323, 275, 914607935.68575132]
[323, 276, 703525429.14080822]
[323, 277, 343359821.98332822]
[324, 274, 1001795741.652668]
[324, 275, 1765743075.5189042]
[324, 276, 1384939358.6765323]
[324, 277, 706991560.49767578]
[324, 480, 289129138.40456831]
[324, 481, 473953202.61011285]
[324, 482, 446328327.07852483]
[325, 274, 1299659980.525497]
[325, 275, 2261206822.915453]
[325, 276, 1807405742.3200386]
[325, 277, 957102009.51242542]
[325, 278, 236212598.68373618]
[325, 479, 275200724.09838319]
[325, 480, 468610663.78711891]
[325, 481, 710906938.12835574]
[325, 482, 664040764.78874063]
[326, 274, 845945805.25291502]
[326, 275, 1380345633.7216854]
[326, 276, 1138030321.4657247]
[326, 277, 638857467.47158313]
[326, 479, 244433575.22940058]
[326, 480, 377519145.67486292]
[326, 481, 535373200.23522902]
[326, 482, 507521108.94284987]
[327, 462, 298091225.26386201]
[327, 463, 267135893.93906787]
[327, 513, 371539064.78963637]
[327, 514, 359332806.75859332]
[328, 461, 387309636.6401909]
[328, 462, 424301439.81738901]
[328, 463, 342364519.93805182]
[328, 513, 510737774.65745473]
[328, 514, 467947830.04695606]
[329, 461, 333134310.47052616]
[329, 462, 264728783.36137515]
[329, 513, 569779767.2341969]
[329, 514, 446413032.13764203]
[330, 513, 600504658.99181128]
[330, 514, 406576963.63883471]
[331, 498, 368421273.86459941]
[331, 499, 357642686.10478568]
[331, 500, 360604135.9931801]
[331, 501, 328623158.33558661]
[331, 502, 300033443.50635463]
[331, 513, 1322860759.4048738]
[331, 514, 1710816538.7165384]
[331, 515, 787349392.0227356]
[332, 354, 266329161.05553639]
[332, 355, 264098923.23478392]
[332, 498, 367090035.63084757]
[332, 499, 407604696.46263933]
[332, 500, 553437507.47627413]
[332, 501, 669469942.40865266]
[332, 502, 655442820.61452436]
[332, 503, 374222376.19145858]
[332, 504, 409433577.69263279]
[332, 513, 2302806292.2527428]
[332, 514, 3798703668.175581]
[332, 515, 2705963466.8698502]
[332, 516, 1029438021.9000835]
[333, 273, 274586200.97062409]
[333, 355, 242936737.94418582]
[333, 426, 264958910.03712943]
[333, 427, 361678862.94961917]
[333, 428, 286761579.01417655]
[333, 500, 582584056.48941827]
[333, 501, 1082183897.0940607]
[333, 502, 1160509317.3252785]
[333, 503, 605528135.11170316]
[333, 504, 700723376.39252245]
[333, 505, 275894292.69773072]
[333, 513, 2050139675.3740726]
[333, 514, 3651467156.5077276]
[333, 515, 2803413463.4725518]
[333, 516, 1226762387.8523698]
[334, 273, 499399579.81904221]
[334, 274, 621345996.55340958]
[334, 275, 287305503.58427727]
[334, 426, 361787861.35319996]
[334, 427, 514743105.24084866]
[334, 428, 443766444.16936702]
[334, 461, 235422456.60537666]
[334, 500, 541317030.30968535]
[334, 501, 1389888683.9261582]
[334, 502, 1531208720.7907202]
[334, 503, 692371131.85161412]
[334, 504, 771187117.35050821]
[334, 505, 278545708.78261435]
[334, 513, 1208888718.1274559]
[334, 514, 2376987632.0026827]
[334, 515, 1916496790.6638231]
[334, 516, 856848000.11369479]
[335, 201, 280828329.9100402]
[335, 202, 362603299.42134786]
[335, 203, 254561676.97199905]
[335, 273, 508867350.46722758]
[335, 274, 732465655.61112213]
[335, 275, 422856088.88519531]
[335, 427, 325702404.78085542]
[335, 428, 317581870.23066181]
[335, 460, 431511897.8824172]
[335, 461, 594448552.59190464]
[335, 462, 326795110.71810007]
[335, 500, 328010313.18567336]
[335, 501, 1290259343.7643776]
[335, 502, 1505869658.7998767]
[335, 503, 562106285.68104827]
[335, 504, 573455655.96806157]
[335, 513, 435848051.03034711]
[335, 514, 1045459798.3075699]
[335, 515, 917667618.74902678]
[335, 516, 409055731.29858339]
[336, 200, 310135458.29992813]
[336, 201, 680535553.46169889]
[336, 202, 936562065.35569143]
[336, 203, 806332911.01262665]
[336, 204, 285758430.63853902]
[336, 273, 395674988.7792418]
[336, 274, 625906859.88236701]
[336, 275, 393923395.78046703]
[336, 460, 645130236.61460757]
[336, 461, 836444134.449651]
[336, 462, 425855172.67823058]
[336, 501, 865075061.85452628]
[336, 502, 1177380832.7325335]
[336, 503, 335897972.98969996]
[336, 504, 281488762.12108535]
[336, 514, 255370407.34684992]
[336, 515, 277428067.7724849]
[337, 200, 382039927.74312806]
[337, 201, 868984418.91051781]
[337, 202, 1211745951.5791864]
[337, 203, 1068090239.1514875]
[337, 204, 487492432.98590624]
[337, 273, 248158371.70894229]
[337, 274, 408678113.72888637]
[337, 275, 268607894.33125895]
[337, 460, 806141312.36238182]
[337, 461, 998058831.16991019]
[337, 462, 502294621.87725294]
[337, 501, 257052368.22256064]
[337, 502, 620012840.57527518]
[338, 201, 452024722.23565674]
[338, 202, 631526383.44321167]
[338, 203, 545534141.0482223]
[338, 204, 257885082.76869303]
[338, 448, 235684063.3783206]
[338, 449, 284310078.39219493]
[338, 450, 235937439.81671965]
[338, 460, 934372178.51303554]
[338, 461, 1224739859.5044899]
[338, 462, 762126498.53044009]
[339, 447, 268685019.30347764]
[339, 448, 364104647.31718117]
[339, 449, 410827868.43421865]
[339, 450, 356659720.68461609]
[339, 460, 932461550.90905285]
[339, 461, 1175968934.8985314]
[339, 462, 723593729.23018932]
[340, 444, 300484182.92957097]
[340, 445, 269278921.33464861]
[340, 446, 291818733.49541527]
[340, 447, 393529739.49864244]
[340, 448, 536889885.62607002]
[340, 449, 529905325.09362239]
[340, 450, 477250910.99979717]
[340, 460, 822553267.57992148]
[340, 461, 961516646.26362348]
[340, 462, 550199857.10145903]
[341, 431, 256475724.62852788]
[341, 432, 277623042.18872416]
[341, 433, 277510297.19250345]
[341, 444, 322222349.64828765]
[341, 445, 257730266.74588543]
[341, 446, 284251433.32238376]
[341, 447, 483575875.47455502]
[341, 448, 659044292.24608457]
[341, 449, 513460284.14273024]
[341, 450, 490242741.10573161]
[341, 460, 630806865.9427619]
[341, 461, 719015619.17805183]
[341, 462, 415160143.93585247]
[342, 430, 304518974.478971]
[342, 431, 393332668.01018977]
[342, 432, 389870552.11922729]
[342, 433, 386581410.48445779]
[342, 434, 264396356.20577824]
[342, 444, 386433525.09857899]
[342, 445, 357796392.66156197]
[342, 446, 488929647.85292625]
[342, 447, 720709733.48248744]
[342, 448, 787373902.91857183]
[342, 449, 431367559.14844716]
[342, 450, 413452440.69490123]
[342, 460, 399508563.91878504]
[342, 461, 462914929.55433667]
[342, 462, 285952355.47184551]
[343, 430, 351878809.99183971]
[343, 431, 354216742.99900603]
[343, 432, 269546281.44002676]
[343, 433, 262191701.60856298]
[343, 444, 503045824.54006994]
[343, 445, 555025955.6778785]
[343, 446, 752647056.08354878]
[343, 447, 854705273.3821584]
[343, 448, 768653381.35385168]
[343, 449, 306662373.60714054]
[343, 450, 281925445.64173114]
[343, 461, 269683160.44049501]
[344, 444, 491475170.38081503]
[344, 445, 515462701.62569088]
[344, 446, 634743418.54878104]
[344, 447, 654130210.7159363]
[344, 448, 569532458.07168841]
[345, 444, 394757716.57383001]
[345, 445, 375443192.98320603]
[345, 446, 365548782.0422771]
[345, 447, 284392031.84926862]
[345, 497, 330632840.10572314]
[345, 498, 2169606482.0642982]
[345, 499, 3703764550.6423116]
[345, 500, 3310976961.7207422]
[345, 501, 2313457252.9303894]
[345, 502, 1229971790.6650355]
[345, 503, 379845412.91946375]
[346, 444, 277801898.52609551]
[346, 445, 238035003.3865217]
[346, 486, 272788811.27122563]
[346, 498, 2221534637.4586773]
[346, 499, 4277670998.6128292]
[346, 500, 3997613241.4986753]
[346, 501, 2899346158.3456874]
[346, 502, 1517540763.2238169]
[346, 503, 495470662.57054424]
[347, 483, 654547475.73943448]
[347, 484, 1301142739.7115993]
[347, 485, 1870584979.2997773]
[347, 486, 1601358859.9710419]
[347, 498, 1408255807.3899879]
[347, 499, 2896038399.6751852]
[347, 500, 2749591746.2966466]
[347, 501, 2101955583.9582064]
[347, 502, 1257179402.5814073]
[347, 503, 586292598.96203601]
[347, 504, 261737388.67562261]
[347, 505, 245400116.99459928]
[348, 482, 257493067.64059871]
[348, 483, 950485696.66988564]
[348, 484, 1859383938.7473335]
[348, 485, 2609525678.4291897]
[348, 486, 2125058706.1888909]
[348, 498, 662648331.61232448]
[348, 499, 1249965486.5459459]
[348, 500, 1144898247.7850943]
[348, 501, 939600782.79621553]
[348, 502, 643158475.02107203]
[348, 503, 429677409.92202795]
[348, 504, 271081085.91752988]
[348, 505, 255005460.56658679]
[349, 483, 721732478.51262236]
[349, 484, 1382024135.9152777]
[349, 485, 1969065104.6436143]
[349, 486, 1656565675.7582676]
[349, 498, 264197429.89609972]
[349, 499, 319455216.00300574]
[349, 500, 298903989.93625069]
[349, 501, 360353760.78151047]
[349, 502, 287524563.88719618]
[350, 483, 397355028.26791459]
[350, 484, 697355615.66663694]
[350, 485, 1016779083.938976]
[350, 486, 893793556.43999791]
[351, 485, 248701946.90191817]
[352, 444, 256938430.1318807]
[353, 432, 852691768.72026181]
[353, 433, 1498582922.3226678]
[353, 434, 1033741960.0778122]
[353, 441, 286823162.49907494]
[353, 442, 375490538.47896731]
[353, 443, 307023275.18921703]
[353, 444, 390581668.24832523]
[353, 445, 287815718.30653816]
[353, 458, 235110791.25867215]
[353, 460, 242443683.21356493]
[353, 461, 286246072.74574649]
[353, 462, 242253612.91905934]
[354, 431, 640050863.05641866]
[354, 432, 1780232343.3281379]
[354, 433, 2723061962.9698963]
[354, 434, 1708675368.885308]
[354, 438, 250143916.84086442]
[354, 441, 420665483.71772063]
[354, 442, 555791493.34320998]
[354, 443, 410209699.59414542]
[354, 444, 396690293.92417282]
[354, 445, 313780978.24913371]
[354, 451, 253514975.33674887]
[354, 452, 265478470.65119627]
[354, 453, 345846646.79488367]
[354, 454, 365005412.37163764]
[354, 455, 263753407.71600932]
[354, 461, 236645464.42495123]
[355, 430, 249530589.8700712]
[355, 431, 832447574.48093963]
[355, 432, 1748271721.0185041]
[355, 433, 2444487302.3980751]
[355, 434, 1555642588.4306982]
[355, 435, 397987003.64078867]
[355, 438, 502993070.30088627]
[355, 439, 514889793.60073137]
[355, 440, 434209018.93526113]
[355, 441, 561137045.28163242]
[355, 442, 701999162.72017217]
[355, 443, 487062118.98399276]
[355, 444, 352307626.20339203]
[355, 445, 315267224.00769573]
[355, 453, 280445172.97325629]
[355, 454, 291299705.90657711]
[356, 431, 628024606.35741615]
[356, 432, 1267053064.1796486]
[356, 433, 1724036315.3426728]
[356, 434, 1198062892.5219254]
[356, 435, 652844988.85085773]
[356, 436, 420621280.21878105]
[356, 437, 323562441.51367551]
[356, 438, 629113418.5851984]
[356, 439, 654687690.05306244]
[356, 440, 525476278.10813773]
[356, 441, 571246945.66388607]
[356, 442, 667225565.41368091]
[356, 443, 436860088.08698583]
[357, 431, 414316474.37431198]
[357, 432, 740150625.75113094]
[357, 433, 939108194.97513449]
[357, 434, 751186270.74389982]
[357, 435, 668561272.33703685]
[357, 436, 429415420.00576663]
[357, 437, 280088776.25892437]
[357, 438, 476524172.62372553]
[357, 439, 469238611.37052006]
[357, 440, 335038659.01760352]
[357, 441, 311107393.93229371]
[357, 442, 322925431.40678626]
[358, 432, 239272952.55996794]
[358, 433, 280365787.33844781]
[358, 434, 283041471.53271568]
[358, 435, 319642832.88954526]
[364, 317, 301604887.55808634]
[364, 318, 506111219.29533184]
[364, 319, 611371342.55739212]
[364, 320, 417134004.91533393]
[364, 327, 276924538.40905201]
[365, 317, 781918248.68646836]
[365, 318, 1336969184.264142]
[365, 319, 1641609851.4266078]
[365, 320, 1251467550.4133275]
[365, 321, 338454880.83228832]
[365, 327, 269621775.4156065]
[365, 328, 253209458.74722648]
[366, 316, 290502341.38184988]
[366, 317, 1057368675.0956845]
[366, 318, 1770837175.6516411]
[366, 319, 2039006465.8161581]
[366, 320, 1521064022.3957417]
[366, 321, 477001566.14479101]
[367, 317, 579942650.20363283]
[367, 318, 937519358.70522141]
[367, 319, 980640541.28081989]
[367, 320, 676721463.41337669]
[367, 341, 340015717.14357227]
[367, 342, 239177216.36142707]
[368, 340, 313345200.71734512]
[368, 341, 482173989.13041461]
[368, 342, 354274196.97111183]
[369, 340, 272950271.08949387]
[369, 341, 470189739.71088839]
[369, 342, 364899169.06458116]
[370, 341, 297480325.49021447]
[370, 342, 259983234.78053242]
[375, 131, 285778377.11386448]
[375, 132, 366916665.24709332]
[375, 331, 261643558.66474664]
[375, 332, 325348321.24556464]
[375, 333, 282723664.22757131]
[376, 131, 808280696.83430314]
[376, 132, 1096545884.6447086]
[376, 133, 751042745.26041436]
[376, 134, 338191942.12999284]
[376, 324, 276665192.64700586]
[376, 325, 515543613.77418518]
[376, 326, 307222286.09592783]
[376, 331, 400267282.69172955]
[376, 332, 465923069.62668741]
[376, 333, 348818780.98355234]
[376, 334, 237926528.65589714]
[377, 123, 237839517.95907897]
[377, 131, 1402557092.2241716]
[377, 132, 1917065292.0481889]
[377, 133, 1471447311.8206124]
[377, 134, 803342329.7393893]
[377, 135, 236996603.91789335]
[377, 324, 437494433.56367123]
[377, 325, 817101427.80484402]
[377, 326, 572937107.7087146]
[377, 331, 425518211.28117979]
[377, 332, 427154620.86092669]
[377, 333, 249220348.2612465]
[377, 517, 274757873.27198917]
[377, 518, 424601505.72132993]
[377, 519, 298302137.77473795]
[378, 115, 578878106.72647047]
[378, 116, 478063840.61236566]
[378, 117, 285463861.18161535]
[378, 120, 256439194.42644984]
[378, 121, 471980385.74971062]
[378, 122, 686900575.97369111]
[378, 123, 659295644.28106952]
[378, 124, 316503228.72507066]
[378, 130, 523826724.11303401]
[378, 131, 1898682149.5620208]
[378, 132, 2373883793.7834749]
[378, 133, 1854661726.8960593]
[378, 134, 1049774524.9871025]
[378, 135, 310780243.00765741]
[378, 324, 399358496.15345359]
[378, 325, 832439556.87403929]
[378, 326, 681562085.28923559]
[378, 327, 244723289.73477441]
[378, 329, 264397144.05131483]
[378, 330, 267387451.8202076]
[378, 331, 432949311.78187472]
[378, 332, 379324073.83927369]
[378, 517, 391023221.2874313]
[378, 518, 598703743.23559737]
[378, 519, 424315228.33504128]
[379, 114, 568924729.58996069]
[379, 115, 1239581583.6801319]
[379, 116, 972479962.13878608]
[379, 117, 579639591.94233155]
[379, 118, 336919391.09127283]
[379, 119, 366256221.88807464]
[379, 120, 562485037.29347253]
[379, 121, 1015537076.5246642]
[379, 122, 1285974253.4153039]
[379, 123, 1067986298.9657035]
[379, 124, 513534729.67467332]
[379, 130, 699486018.12220502]
[379, 131, 1495410904.5076711]
[379, 132, 1499302889.1169541]
[379, 133, 1076203241.5172501]
[379, 134, 591823808.41611075]
[379, 324, 303529714.54045981]
[379, 325, 658083460.1456877]
[379, 326, 619441744.26368177]
[379, 327, 240351582.87856153]
[379, 329, 296773832.6686613]
[379, 330, 282540983.01771653]
[379, 331, 377508010.19278812]
[379, 332, 322852674.00161827]
[379, 349, 404554002.65136027]
[379, 350, 438445680.12642479]
[379, 351, 329753630.36977494]
[379, 517, 437805692.22179687]
[379, 518, 622765325.46251941]
[379, 519, 411529942.74158418]
[380, 103, 315838994.46641207]
[380, 104, 539741038.94122505]
[380, 105, 732551593.51378918]
[380, 106, 496789420.26798052]
[380, 114, 952986981.08068705]
[380, 115, 1783065340.0253239]
[380, 116, 1382321464.3628626]
[380, 117, 867639209.28849685]
[380, 118, 451250049.54739225]
[380, 119, 363200732.74269509]
[380, 120, 597151758.4904803]
[380, 121, 1040751303.9743413]
[380, 122, 1204228518.8522635]
[380, 123, 914564630.41348016]
[380, 124, 452100117.66283333]
[380, 130, 376643144.83374882]
[380, 131, 432014357.60962784]
[380, 325, 338990261.15561396]
[380, 326, 329725186.25326598]
[380, 349, 427758853.87698203]
[380, 350, 448168444.90794009]
[380, 351, 328843207.98867661]
[380, 517, 287874219.78703451]
[380, 518, 271709989.08799368]
[381, 98, 326738335.14680833]
[381, 99, 640368913.32779264]
[381, 100, 499877168.56044537]
[381, 101, 413463107.20461613]
[381, 102, 400269548.87061971]
[381, 103, 626467205.26402998]
[381, 104, 1069038030.0213325]
[381, 105, 1535616037.5899663]
[381, 106, 1271763163.3321154]
[381, 107, 437841970.25646913]
[381, 113, 389210453.49844396]
[381, 114, 1269159267.9249375]
[381, 115, 1833206678.6933227]
[381, 116, 1318799581.4088213]
[381, 117, 798737639.47389686]
[381, 118, 344088270.93782789]
[381, 121, 393091941.54824555]
[381, 122, 412485500.55610079]
[381, 123, 267623602.98303467]
[382, 82, 268201017.27698314]
[382, 83, 324678537.42656618]
[382, 87, 291338076.23402846]
[382, 88, 561243374.79264796]
[382, 89, 921999240.97068858]
[382, 90, 794589521.09116852]
[382, 98, 937506594.81000626]
[382, 99, 1476771284.5732994]
[382, 100, 1128221134.6234107]
[382, 101, 787350470.33837223]
[382, 102, 536094098.76301527]
[382, 103, 712131645.83377886]
[382, 104, 1233166125.4571171]
[382, 105, 1849362444.6069059]
[382, 106, 1630862904.7842999]
[382, 107, 758179173.35623527]
[382, 108, 240562039.08552226]
[382, 113, 509825499.62784386]
[382, 114, 882812288.76607645]
[382, 115, 952886597.30505395]
[382, 116, 591320844.82219028]
[382, 117, 332899781.92811084]
[382, 483, 381859694.00205457]
[382, 484, 457932212.43264544]
[382, 485, 287238337.83528382]
[383, 82, 784799242.82606483]
[383, 83, 991362512.0336256]
[383, 84, 636637185.39419985]
[383, 85, 412585766.16888404]
[383, 86, 367461376.4059394]
[383, 87, 567893111.64693785]
[383, 88, 1081535797.354738]
[383, 89, 1721731216.9109509]
[383, 90, 1594613657.9498069]
[383, 91, 650857678.18357599]
[383, 97, 315515407.85006696]
[383, 98, 1578766810.9044907]
[383, 99, 2188902892.541729]
[383, 100, 1685504475.5789633]
[383, 101, 1104464945.8839474]
[383, 102, 506658825.09001547]
[383, 103, 349548994.53503144]
[383, 104, 628275226.06400764]
[383, 105, 1008278975.8724591]
[383, 106, 917038131.79247797]
[383, 107, 475659209.07467651]
[383, 482, 303848886.23285961]
[383, 483, 509756086.05887699]
[383, 484, 625927238.05362093]
[383, 485, 400904686.35659134]
[384, 68, 291555829.8209672]
[384, 69, 241508590.11548945]
[384, 74, 307834821.56592494]
[384, 75, 492552086.47868109]
[384, 76, 302592363.02447432]
[384, 81, 244158016.53944331]
[384, 82, 1349627898.5613184]
[384, 83, 1705226642.2583442]
[384, 84, 1210033409.2092571]
[384, 85, 772636182.43925464]
[384, 86, 486834450.67574716]
[384, 87, 623755447.44790864]
[384, 88, 1225502150.5630829]
[384, 89, 2012808796.4628065]
[384, 90, 1974163953.0430632]
[384, 91, 984702689.20625401]
[384, 92, 352303398.82630062]
[384, 97, 418946321.02829862]
[384, 98, 1289795410.6524966]
[384, 99, 1615665635.2482951]
[384, 100, 1269942082.2775965]
[384, 101, 798757547.88780427]
[384, 102, 297013195.56122684]
[384, 483, 270219078.87379557]
[384, 484, 369600385.83816659]
[384, 485, 259390284.17942056]
[385, 67, 500222477.07135522]
[385, 68, 946719796.6327256]
[385, 69, 756468784.87640619]
[385, 70, 455859899.43453228]
[385, 71, 381048375.83161813]
[385, 72, 402323029.38573527]
[385, 73, 487950841.50357908]
[385, 74, 926911381.96269894]
[385, 75, 1162756044.4587967]
[385, 76, 681764197.88684928]
[385, 81, 530501391.1391809]
[385, 82, 1802115159.5703123]
[385, 83, 2093425597.1122818]
[385, 84, 1518444041.7744989]
[385, 85, 923778048.18195009]
[385, 86, 395390881.82090569]
[385, 87, 291116832.93408895]
[385, 88, 609096281.22211885]
[385, 89, 1083196762.5825431]
[385, 90, 1151461503.9248981]
[385, 91, 677461643.71353364]
[385, 92, 277938109.20923114]
[385, 463, 365242937.16199762]
[385, 464, 326475165.22168213]
[385, 517, 302309146.92435896]
[385, 518, 361935438.71388924]
[386, 67, 819396266.55463672]
[386, 68, 1593985238.3827298]
[386, 69, 1335214824.1971247]
[386, 70, 907638881.72042561]
[386, 71, 611894544.52926743]
[386, 72, 564643967.84112751]
[386, 73, 798665407.68448997]
[386, 74, 1404887418.6552682]
[386, 75, 1629584076.7519321]
[386, 76, 974643924.65472221]
[386, 81, 674050123.13206244]
[386, 82, 1399715946.7195675]
[386, 83, 1291785096.7408412]
[386, 84, 846732772.72627902]
[386, 85, 454410129.70557958]
[386, 129, 283529555.18448603]
[386, 463, 397149004.09109175]
[386, 464, 310042840.4248023]
[386, 517, 330433961.44461071]
[386, 518, 458458887.88702732]
[387, 65, 265382932.57758167]
[387, 66, 263936800.76669079]
[387, 67, 1139590643.1502728]
[387, 68, 2155288880.5611129]
[387, 69, 1869874027.5148685]
[387, 70, 1391126558.2163591]
[387, 71, 816823655.95646822]
[387, 72, 483201187.91756254]
[387, 73, 672445445.75708318]
[387, 74, 1116715683.1294019]
[387, 75, 1220750025.9232371]
[387, 76, 757552488.20345974]
[387, 81, 363887814.07469225]
[387, 82, 344889603.95085979]
[387, 112, 339346182.0785957]
[387, 113, 315412826.92431587]
[387, 129, 287160887.51572502]
[387, 130, 249784366.4540416]
[387, 517, 687107978.58557439]
[387, 518, 1661289235.9253838]
[387, 519, 1609987752.0190444]
[387, 520, 1024795901.9041883]
[387, 521, 398134235.67319787]
[388, 64, 235930865.99008751]
[388, 65, 643409906.56730676]
[388, 66, 731124764.36170197]
[388, 67, 1359524972.0020237]
[388, 68, 2008195834.8214481]
[388, 69, 1626197762.148891]
[388, 70, 1188754934.1425276]
[388, 71, 601301469.76232696]
[388, 74, 298806959.58875775]
[388, 75, 290209032.31558663]
[388, 111, 272100047.5107612]
[388, 112, 459410043.64481664]
[388, 113, 398175188.98179793]
[388, 114, 235557304.44925547]
[388, 427, 370662203.6360454]
[388, 428, 472395068.11080152]
[388, 429, 289824863.81529057]
[388, 501, 299491228.8046875]
[388, 502, 279280321.11747038]
[388, 503, 260861380.11620358]
[388, 504, 286074523.00621855]
[388, 505, 380789349.8275758]
[388, 506, 340673627.69853979]
[388, 507, 398665099.70844722]
[388, 508, 283941321.91773003]
[388, 517, 1031114521.5945666]
[388, 518, 3060672858.5544567]
[388, 519, 3338018265.5345988]
[388, 520, 2352678015.7984204]
[388, 521, 1105544425.9487748]
[388, 522, 288407274.13963735]
[389, 64, 264975421.56355438]
[389, 65, 516277692.503775]
[389, 66, 680835600.59525776]
[389, 67, 931081654.00754333]
[389, 68, 1106021736.5959229]
[389, 69, 856319008.87660396]
[389, 70, 638098755.73795176]
[389, 71, 302295631.69595242]
[389, 97, 260413425.56281143]
[389, 112, 398904025.41498625]
[389, 113, 374239324.24502879]
[389, 114, 247996827.37396502]
[389, 426, 280041800.10632747]
[389, 427, 543330436.97306359]
[389, 428, 711148911.71899271]
[389, 429, 473472583.93258911]
[389, 501, 250146271.33098793]
[389, 503, 278201433.05231595]
[389, 504, 573686991.0437938]
[389, 505, 912733431.26806736]
[389, 506, 724527050.49633217]
[389, 507, 813564511.580428]
[389, 508, 503772162.12624526]
[389, 517, 606515279.57378745]
[389, 518, 2384559559.5448413]
[389, 519, 2821915604.1591558]
[389, 520, 2160239406.4232078]
[389, 521, 1221023780.0955005]
[389, 522, 479717278.46214938]
[390, 66, 362695144.27052605]
[390, 67, 601236100.77903199]
[390, 68, 635260877.02218413]
[390, 69, 454721876.16963601]
[390, 70, 330887825.76541042]
[390, 97, 254023400.53402278]
[390, 112, 290800023.37277675]
[390, 113, 283554144.10421896]
[390, 427, 349311573.42198622]
[390, 428, 484170831.58488989]
[390, 429, 362641625.87206537]
[390, 504, 751104038.82562661]
[390, 505, 1222938328.0824585]
[390, 506, 823540588.93410742]
[390, 507, 835745081.45435619]
[390, 508, 447105684.8606286]
[390, 518, 944646981.29196095]
[390, 519, 1352104975.1811609]
[390, 520, 1128596992.7559342]
[390, 521, 705361643.74739981]
[390, 522, 335429864.69770271]
[391, 66, 348944871.09467453]
[391, 67, 577993998.20310545]
[391, 68, 446706253.59569395]
[391, 69, 245925709.61583659]
[391, 97, 261039849.54034704]
[391, 504, 730613687.58181119]
[391, 505, 1195345554.7902334]
[391, 506, 688340704.28904462]
[391, 507, 556269468.4299376]
[391, 519, 277280350.73780262]
[391, 520, 280264029.07416195]
[392, 67, 321001114.47472441]
[392, 462, 303040301.16979063]
[392, 463, 286841285.62772095]
[392, 504, 561653060.73002517]
[392, 505, 1044601278.8509445]
[392, 506, 527605397.67371714]
[393, 66, 248301651.68447194]
[393, 67, 242832562.05046818]
[393, 462, 965400102.18979466]
[393, 463, 1153253699.3612971]
[393, 464, 703380983.87191606]
[393, 504, 249775731.819359]
[393, 505, 675128157.24710536]
[393, 506, 379120611.97087985]
[394, 6, 342737201.55832225]
[394, 7, 463989277.08994603]
[394, 8, 237254890.32177389]
[394, 64, 417558964.11323416]
[394, 65, 497236404.06198096]
[394, 66, 511278291.56816477]
[394, 67, 349589792.5012244]
[394, 444, 247517532.74828899]
[394, 445, 379104240.72479928]
[394, 446, 324993354.02839446]
[394, 447, 291101755.45901692]
[394, 448, 329045741.96867633]
[394, 449, 340337536.0020771]
[394, 450, 278402909.41499168]
[394, 461, 268021228.21687648]
[394, 462, 1559619525.7741928]
[394, 463, 1865587886.0764506]
[394, 464, 1181365132.8992872]
[394, 465, 396141423.18703854]
[395, 5, 390226979.12317765]
[395, 6, 760754153.28597081]
[395, 7, 933384263.90301275]
[395, 8, 529925520.44928604]
[395, 63, 343929998.51005769]
[395, 64, 649869428.89345098]
[395, 65, 717611013.36641252]
[395, 66, 658473342.00550508]
[395, 67, 383514807.07887995]
[395, 444, 274775130.78191221]
[395, 445, 393843482.23434627]
[395, 446, 367641666.44392085]
[395, 447, 485098656.36383128]
[395, 448, 851235409.5686903]
[395, 449, 916972440.68708467]
[395, 450, 651851189.83346379]
[395, 451, 497184290.19713819]
[395, 462, 1210523277.361773]
[395, 463, 1433241753.1025991]
[395, 464, 897930533.20168495]
[395, 465, 290906345.6073699]
[396, 5, 514121148.65639383]
[396, 6, 975944981.95581055]
[396, 7, 1170866370.3176844]
[396, 8, 722867766.68876123]
[396, 63, 370086581.94882119]
[396, 64, 604113352.27636254]
[396, 65, 652723345.29700422]
[396, 66, 594508127.65283179]
[396, 67, 340600193.39057863]
[396, 447, 529604157.91643649]
[396, 448, 1248034625.8872879]
[396, 449, 1319689988.4896007]
[396, 450, 804791521.01968789]
[396, 451, 619909199.36026073]
[396, 462, 567660653.72368288]
[396, 463, 716058530.13408625]
[396, 464, 449051870.4246074]
[397, 5, 321814953.1598208]
[397, 6, 605519692.56525278]
[397, 7, 726366467.13515663]
[397, 8, 496330555.97828084]
[397, 63, 313676016.870556]
[397, 64, 386177336.49507499]
[397, 65, 410283978.9761312]
[397, 66, 362564559.9956255]
[397, 447, 502277354.81392366]
[397, 448, 1384295009.2286897]
[397, 449, 1447338657.3866625]
[397, 450, 728309684.67929852]
[397, 451, 586834152.88758516]
[398, 63, 323497980.67306626]
[398, 64, 324303570.13535625]
[398, 65, 308043452.56435764]
[398, 66, 250057934.23089162]
[398, 447, 450081346.88799816]
[398, 448, 1355417342.7823634]
[398, 449, 1359046748.3791163]
[398, 450, 493893445.7512182]
[398, 451, 433134019.60365534]
[399, 63, 265743347.71811992]
[399, 64, 263701511.80824941]
[399, 448, 833350578.61487985]
[399, 449, 851820800.91210878]
[404, 501, 1778699716.0686302]
[404, 502, 2914579145.7432146]
[404, 503, 2115870906.4652514]
[404, 504, 862397371.09396911]
[405, 486, 286098490.84556508]
[405, 487, 658050094.37003279]
[405, 488, 994004132.11541128]
[405, 489, 851896986.66683602]
[405, 501, 1963947695.2996938]
[405, 502, 3464668764.3765483]
[405, 503, 2764968238.9913049]
[405, 504, 1486182120.5367899]
[405, 505, 486813399.48268747]
[406, 486, 427793636.06026381]
[406, 487, 803426185.79125452]
[406, 488, 1129980030.4629161]
[406, 489, 910916011.16126871]
[406, 501, 1281134502.9912856]
[406, 502, 2520321612.2093081]
[406, 503, 2152033396.9494219]
[406, 504, 1283540314.504272]
[406, 505, 559073757.03373873]
[407, 486, 327621337.36131084]
[407, 487, 558625112.32132506]
[407, 488, 775828538.09270525]
[407, 489, 604977845.82900107]
[407, 501, 541698656.96100593]
[407, 502, 1331978555.9544621]
[407, 503, 1265249993.8352199]
[407, 504, 833464805.05401707]
[407, 505, 439269799.50234222]
[408, 487, 268234793.66576976]
[408, 488, 375018421.88684404]
[408, 489, 272696737.21546769]
[408, 502, 382715899.60761273]
[408, 503, 429322361.52013206]
[408, 504, 324671916.70618427]
[409, 444, 1820584056.3312042]
[409, 445, 2566248437.0569129]
[409, 446, 1799343030.1311004]
[409, 447, 887811611.51708889]
[409, 448, 270403945.25883806]
[410, 430, 484331451.80160886]
[410, 431, 1226085985.8532815]
[410, 432, 1773699907.8213871]
[410, 433, 1420936137.8597417]
[410, 444, 2092103176.4065788]
[410, 445, 3098411109.512619]
[410, 446, 2423268412.7129006]
[410, 447, 1542969608.2117684]
[410, 448, 860977874.49606919]
[410, 449, 386534387.21094829]
[411, 430, 650874430.16909194]
[411, 431, 1455519770.5269232]
[411, 432, 1996222194.3175526]
[411, 433, 1541864293.9004364]
[411, 444, 1550712559.9565763]
[411, 445, 2417548595.8650846]
[411, 446, 1975613843.5405161]
[411, 447, 1361591138.0095708]
[411, 448, 859954295.0016278]
[411, 449, 382146635.69353163]
[412, 430, 472114173.36915612]
[412, 431, 1051550703.10132]
[412, 432, 1417331441.9295313]
[412, 433, 1087113294.989629]
[412, 444, 869429027.80431104]
[412, 445, 1512605577.0652337]
[412, 446, 1312899630.0117648]
[412, 447, 943771618.5878129]
[412, 448, 624912827.73353815]
[412, 449, 270760599.14421368]
[413, 431, 533437247.13290507]
[413, 432, 702928128.76217055]
[413, 433, 537067476.16300738]
[413, 444, 265354183.54272309]
[413, 445, 540892875.12864447]
[413, 446, 515423675.21572971]
[413, 447, 394659317.68423098]
[413, 448, 265365309.69066298]
[414, 362, 238142175.01660317]
[442, 523, 315347061.44978082]
[443, 522, 281669246.01586676]
[443, 523, 374810561.11881101]
[444, 522, 266613958.41478109]
[444, 523, 356206996.17101061]
[446, 486, 249728472.57164732]
[446, 487, 306185480.70156986]
[447, 466, 239022817.91624922]
[447, 486, 321597471.00962353]
[447, 487, 375467887.83960718]
[448, 466, 328591728.59982657]
[448, 467, 300020195.14162469]
[449, 466, 248888260.18702367]
[450, 336, 277278542.09018719]
[450, 337, 289395731.8301965]
[450, 427, 260720241.26155719]
[450, 428, 415219152.71217525]
[450, 429, 440633324.98270637]
[450, 523, 810708318.51674724]
[450, 524, 1308186297.94312]
[450, 525, 926207921.95470226]
[450, 526, 322138331.92175889]
[451, 336, 452527151.44225663]
[451, 337, 520779410.04774106]
[451, 427, 237047169.67545804]
[451, 428, 400060659.81379336]
[451, 429, 445008521.32120734]
[451, 430, 244765578.6571385]
[451, 523, 1890693407.5010233]
[451, 524, 3287431081.8485026]
[451, 525, 2542326635.1784086]
[451, 526, 1222941024.8929648]
[452, 335, 240251789.50849372]
[452, 336, 508338377.57726705]
[452, 337, 637120525.71530724]
[452, 338, 286258759.17979783]
[452, 341, 307385874.38243949]
[452, 509, 312224041.02234614]
[452, 510, 347576535.12543559]
[452, 523, 1788542119.4264274]
[452, 524, 3157775709.5282607]
[452, 525, 2442432162.3822584]
[452, 526, 1180399352.3091993]
[453, 336, 339723388.13264906]
[453, 337, 514965993.31709385]
[453, 338, 273846114.55875224]
[453, 341, 358283794.44699943]
[453, 342, 248110459.76681703]
[453, 508, 244196158.05868071]
[453, 509, 551330252.7385112]
[453, 510, 639264598.0380435]
[453, 523, 1083917980.1712005]
[453, 524, 2029429832.7287784]
[453, 525, 1561392852.9458945]
[453, 526, 715235809.14086413]
[454, 115, 594117015.48726952]
[454, 116, 654934674.56617928]
[454, 117, 447575991.86867332]
[454, 337, 247282112.67683691]
[454, 341, 359550906.75643456]
[454, 465, 243280057.88300848]
[454, 466, 410512858.33339942]
[454, 467, 295209564.34458411]
[454, 509, 715387678.40991735]
[454, 510, 863732939.00548601]
[454, 511, 269140566.56273854]
[454, 523, 396397578.10632986]
[454, 524, 887969956.68845272]
[454, 525, 691941958.0569315]
[454, 526, 291198523.92181855]
[455, 114, 430664417.16461813]
[455, 115, 1125370108.9197786]
[455, 116, 1167648652.8774414]
[455, 117, 803621991.41994214]
[455, 118, 368521293.59380269]
[455, 341, 288120442.78413069]
[455, 465, 385042527.84450424]
[455, 466, 691081178.66782689]
[455, 467, 492848358.44944042]
[455, 468, 250733480.98668033]
[455, 509, 715276495.25692654]
[455, 510, 914770767.0958873]
[455, 524, 254475827.06412536]
[456, 114, 682951454.95287836]
[456, 115, 1469216642.9115715]
[456, 116, 1411950372.2029757]
[456, 117, 933946500.25961375]
[456, 118, 403501386.45016444]
[456, 445, 268230546.99243778]
[456, 446, 250289746.59943721]
[456, 465, 314328364.16118503]
[456, 466, 589154663.77797568]
[456, 467, 418473595.11371171]
[456, 509, 338049157.39202446]
[456, 510, 596187990.09061646]
[457, 114, 545781121.46201789]
[457, 115, 851922623.66161513]
[457, 116, 643456467.51170874]
[457, 117, 331645346.06291294]
[457, 447, 319626573.32938719]
[457, 448, 382280326.01857638]
[457, 449, 256473061.1671195]
[457, 466, 359461023.08961231]
[457, 467, 256124478.28399032]
[458, 447, 370623559.6065715]
[458, 448, 561761453.50526619]
[458, 449, 372546346.268592]
[459, 447, 393185124.07301009]
[459, 448, 664777259.64725471]
[459, 449, 447004028.03899616]
[460, 447, 235309864.45714039]
[460, 448, 529447426.2092579]
[460, 449, 384169071.83149439]
[462, 36, 414405981.58643496]
[462, 37, 456013496.20747143]
[462, 113, 275763131.03795218]
[462, 114, 307447806.50314301]
[463, 16, 327894210.78955138]
[463, 17, 580014990.92194867]
[463, 18, 445747277.48000181]
[463, 35, 374728768.58060253]
[463, 36, 642836496.42037201]
[463, 37, 695833466.06671929]
[463, 38, 412087887.88844836]
[463, 113, 406914353.39893925]
[463, 114, 483154559.53769594]
[464, 16, 724464194.9836942]
[464, 17, 1091321535.9842587]
[464, 18, 863174034.97871101]
[464, 19, 478358012.58075941]
[464, 35, 326337352.40629601]
[464, 36, 532360376.44227684]
[464, 37, 555949922.74576151]
[464, 38, 358866279.4992429]
[464, 113, 466818671.16063511]
[464, 114, 533334138.36111856]
[464, 115, 269204930.24447405]
[464, 340, 240402679.47501606]
[464, 341, 333159191.66191471]
[465, 15, 290213814.80373538]
[465, 16, 1169044967.7671463]
[465, 17, 1459667491.7761235]
[465, 18, 1112505955.0645268]
[465, 19, 612714039.07109797]
[465, 108, 307845977.00596428]
[465, 109, 381495516.39190209]
[465, 110, 450494380.3733536]
[465, 111, 366544725.39519209]
[465, 112, 253458600.69700432]
[465, 113, 464259854.67264688]
[465, 114, 458555844.81401032]
[465, 341, 328357087.08585399]
[466, 15, 510700300.46919775]
[466, 16, 1121198516.538893]
[466, 17, 1093257170.9056036]
[466, 18, 717510473.99857044]
[466, 19, 351000166.58929753]
[466, 107, 333718041.11164564]
[466, 108, 416541716.70343494]
[466, 109, 540098014.75766516]
[466, 110, 640881492.88618004]
[466, 111, 471543637.69339097]
[466, 112, 286057453.73893803]
[466, 113, 363745999.6610077]
[466, 114, 291421200.80113488]
[466, 341, 252839814.26515996]
[467, 15, 300745262.36125988]
[467, 16, 342349402.87466824]
[467, 107, 364297310.57329506]
[467, 108, 433322058.72860152]
[467, 109, 623701822.89541018]
[467, 110, 741098531.76090264]
[467, 111, 491355132.89604354]
[467, 112, 260955172.11975551]
[467, 113, 246013434.03074798]
[468, 83, 260476115.33337116]
[468, 84, 355608625.26146215]
[468, 85, 461509706.52769983]
[468, 86, 457505060.42616212]
[468, 87, 329183833.22345746]
[468, 88, 308133341.41683751]
[468, 89, 256348008.76013461]
[468, 107, 262936241.51889887]
[468, 108, 285318040.21473563]
[468, 109, 519071572.36208785]
[468, 110, 678984937.62190676]
[468, 111, 445672941.72078907]
[469, 82, 312999990.8710261]
[469, 83, 421063490.04125726]
[469, 84, 639287591.42024744]
[469, 85, 787977077.87621272]
[469, 86, 663792938.73097777]
[469, 87, 362761540.57506418]
[469, 88, 336345549.31897807]
[469, 89, 263056454.99819559]
[469, 107, 271213548.19094461]
[469, 108, 295926407.51035058]
[469, 109, 481736222.71268976]
[469, 110, 569330622.26597404]
[469, 111, 335229048.78616923]
[470, 62, 255099817.85067821]
[470, 82, 376884011.19918084]
[470, 83, 509701830.5983696]
[470, 84, 806357175.82355142]
[470, 85, 950478132.43983591]
[470, 86, 694914893.08945918]
[470, 87, 290659805.44433373]
[470, 88, 245171073.05441064]
[470, 109, 260960640.08283865]
[470, 110, 285221591.95776457]
[470, 490, 381936957.79972875]
[470, 491, 708465286.03763509]
[470, 492, 972108835.82238269]
[470, 493, 770344263.34706008]
[470, 506, 2322332726.9173331]
[470, 507, 3755048775.3001699]
[470, 508, 2810770855.7480516]
[470, 509, 1237645285.6146467]
[471, 62, 266741625.65751708]
[471, 65, 244950975.16672546]
[471, 82, 244503415.73018125]
[471, 83, 364857755.02037692]
[471, 84, 693896260.35667801]
[471, 85, 852200140.93961191]
[471, 86, 599070141.81225836]
[471, 87, 251456385.14649814]
[471, 445, 253616181.99826506]
[471, 446, 439457273.5326454]
[471, 447, 500042007.17679107]
[471, 448, 424489368.60366148]
[471, 449, 289418265.74909353]
[471, 490, 426340780.12021041]
[471, 491, 706899350.33029985]
[471, 492, 952876846.82490063]
[471, 493, 734673658.00293267]
[471, 506, 3115771084.92487]
[471, 507, 5506958310.9258394]
[471, 508, 4381738297.7268295]
[471, 509, 2195203285.2675076]
[471, 510, 477534749.75934589]
[472, 65, 263242231.40084052]
[472, 82, 250126965.80701518]
[472, 83, 376045504.69895887]
[472, 84, 613658270.11970425]
[472, 85, 653831648.40694046]
[472, 86, 388187392.19292933]
[472, 445, 910706705.91291428]
[472, 446, 1450893367.7647979]
[472, 447, 1368508883.6751719]
[472, 448, 989136158.60357404]
[472, 449, 581605681.73082697]
[472, 450, 251506162.4816249]
[472, 490, 298229659.99726522]
[472, 491, 436236131.30102772]
[472, 492, 589152821.49350286]
[472, 493, 441118231.74458909]
[472, 506, 2157568801.3884659]
[472, 507, 4047071448.0128245]
[472, 508, 3307894960.0637708]
[472, 509, 1752369976.5085936]
[472, 510, 521709151.08028603]
[473, 83, 331702577.15464127]
[473, 84, 404699104.89046633]
[473, 85, 341852524.46923465]
[473, 432, 925134239.50664496]
[473, 433, 2079602059.2909646]
[473, 434, 2995557347.3004131]
[473, 435, 2381083352.0253077]
[473, 445, 848996764.47389388]
[473, 446, 1432749930.714628]
[473, 447, 1415237981.4198871]
[473, 448, 1235134704.8150132]
[473, 449, 1057942667.0514468]
[473, 450, 698045187.25123656]
[473, 451, 265007167.36993039]
[473, 506, 893554856.76598096]
[473, 507, 1929664944.4131968]
[473, 508, 1609272669.7811029]
[473, 509, 845792592.8006947]
[473, 510, 269637564.21410525]
[474, 431, 303366079.78338391]
[474, 432, 1539591817.7235665]
[474, 433, 3150416438.1541162]
[474, 434, 4289600763.6574059]
[474, 435, 3218160567.5454264]
[474, 445, 649799024.81100678]
[474, 446, 1038533261.3172865]
[474, 447, 933615154.03888154]
[474, 448, 763327056.34523714]
[474, 449, 692041343.80418766]
[474, 450, 514108157.72605163]
[474, 507, 400027794.99618602]
[474, 508, 370132255.85034478]
[475, 83, 293400182.86195266]
[475, 84, 335903724.48436004]
[475, 85, 241385440.81480834]
[475, 431, 243702556.6626783]
[475, 432, 1149752741.2614558]
[475, 433, 2341677520.630343]
[475, 434, 3093503885.6419744]
[475, 435, 2261361815.0537729]
[475, 445, 461053721.84551167]
[475, 446, 742230785.47361064]
[475, 447, 703234910.32509291]
[475, 448, 630736148.96236777]
[475, 449, 598307381.6479528]
[475, 450, 396722251.5932647]
[476, 83, 289593975.51132423]
[476, 84, 323451783.31145227]
[476, 432, 567568187.40568948]
[476, 433, 1187677191.0381134]
[476, 434, 1480799168.8587356]
[476, 435, 1019988474.02516]
[476, 446, 275565837.69976056]
[476, 447, 255730492.41114104]
[476, 448, 240170951.27789217]
[477, 83, 326821394.92103052]
[477, 84, 338134428.05910599]
[477, 433, 366320345.96396255]
[477, 434, 319995912.76287758]
[479, 83, 285335983.45804965]
[480, 83, 257174590.01816684]
[481, 82, 252979712.81089538]
[481, 83, 261115047.56518775]
[482, 82, 267168311.73250538]
[482, 83, 247287954.68769655]
[483, 82, 256071311.77924883]
[484, 81, 249258340.42346913]
[484, 82, 292012023.78103352]
[486, 81, 286571411.07904857]
[486, 82, 277922537.89958137]
[488, 81, 269853593.27277625]
[488, 82, 236183329.27090317]
[490, 81, 253243330.38478127]
[491, 59, 250577484.9816626]
[491, 60, 455400332.49102032]
[491, 61, 489003085.17772859]
[491, 62, 264865734.94809729]
[492, 58, 259287336.66844854]
[492, 59, 463501987.38819194]
[492, 60, 713170728.32617092]
[492, 61, 694611584.02362144]
[492, 62, 348720119.95526427]
[492, 79, 267207881.57678756]
[492, 80, 297533337.44062227]
[492, 101, 396845192.75422269]
[492, 102, 766199592.81431234]
[492, 103, 621125268.85696101]
[492, 104, 358797297.08365971]
[493, 57, 236606966.03740132]
[493, 58, 298510069.23344928]
[493, 59, 433815520.5336042]
[493, 60, 593643848.64050472]
[493, 61, 523460600.89587402]
[493, 78, 257488846.62425992]
[493, 79, 314014960.17145497]
[493, 80, 323993797.5768314]
[493, 81, 345293122.52739608]
[493, 82, 433799744.0148623]
[493, 83, 686917194.08270872]
[493, 84, 648943357.64151478]
[493, 85, 374897722.72095644]
[493, 101, 672215710.02703023]
[493, 102, 1329932458.2701206]
[493, 103, 1221941878.5353725]
[493, 104, 851285119.19891429]
[493, 105, 350584936.2049166]
[494, 59, 277613426.39016116]
[494, 60, 348354473.36260688]
[494, 61, 262795724.46620214]
[494, 76, 321439275.1184088]
[494, 77, 509010117.9276737]
[494, 78, 561123894.31843567]
[494, 79, 570098270.75967288]
[494, 80, 688950855.13714647]
[494, 81, 896690607.37660873]
[494, 82, 1119495210.2705777]
[494, 83, 1500312107.5007052]
[494, 84, 921619440.18507302]
[494, 101, 640832173.1005708]
[494, 102, 1090431816.4584928]
[494, 103, 1083539645.6838934]
[494, 104, 802913200.94709134]
[494, 105, 323532456.64672714]
[495, 2, 365518341.06961334]
[495, 3, 416966777.44572496]
[495, 4, 781751369.46708763]
[495, 5, 834689370.11604726]
[495, 6, 801621958.83154798]
[495, 7, 387325872.58434761]
[495, 76, 496728586.77618992]
[495, 77, 696754811.39217579]
[495, 78, 661854571.46279407]
[495, 79, 591556821.25411522]
[495, 80, 671176769.99727702]
[495, 81, 863202304.43665028]
[495, 82, 1115750898.7080247]
[495, 83, 1470725287.8707075]
[495, 84, 788127416.72151327]
[495, 101, 583761681.12354326]
[495, 102, 891636609.50969052]
[495, 103, 1132808478.0150061]
[495, 104, 1050202841.2549043]
[495, 105, 538541925.82551086]
[496, 0, 1008317494.1316634]
[496, 1, 1034896399.4067242]
[496, 2, 1366095874.7848454]
[496, 3, 1648406377.3675818]
[496, 4, 1764697215.7763383]
[496, 5, 1732600232.3562508]
[496, 6, 1568292890.071444]
[496, 7, 683012639.4762516]
[496, 8, 283013924.91606015]
[496, 76, 457147551.03644407]
[496, 77, 678397095.84247351]
[496, 78, 710653755.61049688]
[496, 79, 761379127.53086853]
[496, 80, 858119113.14859867]
[496, 81, 837018974.7778008]
[496, 82, 999592715.47132301]
[496, 83, 1276718819.4854617]
[496, 84, 663180404.0855217]
[496, 94, 287594652.75324225]
[496, 95, 342383607.59401691]
[496, 96, 308512257.63085306]
[496, 97, 274555871.77499068]
[496, 98, 259677389.94881326]
[496, 103, 646483470.98353696]
[496, 104, 813391489.28937411]
[496, 105, 487767867.02469146]
[497, 0, 914462925.59771538]
[497, 1, 980010712.88961434]
[497, 2, 1202843057.74264]
[497, 3, 1444511522.8075445]
[497, 4, 1416637884.2140555]
[497, 5, 1455041194.8593855]
[497, 6, 1190152352.3582153]
[497, 7, 454248631.37334037]
[497, 76, 269804879.07925147]
[497, 77, 380542559.1098398]
[497, 78, 408850422.83451676]
[497, 79, 474950102.63981533]
[497, 80, 512730450.66770673]
[497, 81, 409278434.13713968]
[497, 82, 500348179.30826366]
[497, 83, 610218398.28028154]
[497, 84, 373405468.12471753]
[497, 85, 331100363.94119382]
[497, 86, 385418569.31222284]
[497, 87, 259256484.09120727]
[497, 94, 366254553.94746]
[497, 95, 382037354.37796116]
[497, 96, 302333797.27487743]
[497, 97, 241727042.93401974]
[497, 103, 291209015.43675494]
[497, 104, 474879921.76481986]
[497, 105, 325115534.72798938]
[498, 0, 545662296.27037776]
[498, 1, 634567485.04311883]
[498, 2, 721458200.65314245]
[498, 3, 836231499.60372436]
[498, 4, 757441505.63844132]
[498, 5, 843831278.00392568]
[498, 6, 602587284.36971509]
[498, 85, 306025727.14076531]
[498, 86, 332996136.909338]
[498, 87, 253174385.0323447]
[498, 94, 265083148.81899986]
[499, 2, 251392389.57310629]
[499, 3, 279123821.28766006]
[499, 5, 282785423.1830833]
[502, 28, 393854215.40096456]
[502, 29, 297155449.37696421]
[503, 15, 237329540.15518516]
[503, 25, 322495974.71471369]
[503, 26, 449941541.66343415]
[503, 27, 584852588.49968004]
[503, 28, 734288278.42139387]
[503, 29, 496159403.76242042]
[504, 3, 296763799.25983286]
[504, 4, 360880213.89573383]
[504, 5, 417056496.35230303]
[504, 6, 425139187.82952619]
[504, 14, 327424711.54465675]
[504, 15, 330963942.53297502]
[504, 16, 277850190.79193825]
[504, 23, 275165904.91182721]
[504, 24, 338110846.54388469]
[504, 25, 627019923.24183035]
[504, 26, 790739192.47641492]
[504, 27, 830404138.70763254]
[504, 28, 825316622.87491465]
[504, 29, 471365459.67874944]
[505, 3, 235653975.74777016]
[505, 4, 331181306.09603333]
[505, 5, 464005833.21800649]
[505, 6, 558688523.92396736]
[505, 7, 363297902.35530168]
[505, 9, 264479256.91380447]
[505, 10, 260066562.22842169]
[505, 12, 246173406.35071701]
[505, 13, 238375540.7882463]
[505, 14, 393600800.24872905]
[505, 15, 415796536.9828707]
[505, 16, 399695141.71032906]
[505, 17, 297600751.58345449]
[505, 18, 247134089.0872097]
[505, 23, 309022525.48091549]
[505, 24, 416552092.26317567]
[505, 25, 719317849.02889907]
[505, 26, 809300089.66243386]
[505, 27, 793680349.69710386]
[505, 28, 763944202.14836228]
[505, 29, 367036898.08403134]
[506, 4, 384519188.91059315]
[506, 5, 635226152.03192329]
[506, 6, 790153640.67861152]
[506, 7, 619657417.37962222]
[506, 8, 411360318.9912495]
[506, 9, 448795849.26793557]
[506, 10, 403647316.55833745]
[506, 11, 342838561.3764261]
[506, 12, 286734094.7213074]
[506, 13, 338937225.31945747]
[506, 14, 597226546.49746561]
[506, 15, 650913095.54664731]
[506, 16, 627667725.81863475]
[506, 17, 473722691.78562081]
[506, 18, 313598367.99533272]
[506, 22, 283813641.82757545]
[506, 23, 452346798.25259662]
[506, 24, 597728592.27843702]
[506, 25, 925648987.34174812]
[506, 26, 956204448.27186584]
[506, 27, 885009782.22486436]
[506, 28, 809278322.40984869]
[506, 29, 386544343.53732908]
[507, 3, 272630312.53501463]
[507, 4, 505831234.49037302]
[507, 5, 767854143.08325684]
[507, 6, 940992563.96284819]
[507, 7, 802600442.62618804]
[507, 8, 549040270.47168946]
[507, 9, 549469461.27805567]
[507, 10, 423949899.65853494]
[507, 11, 325512673.73819292]
[507, 13, 312275758.11159956]
[507, 14, 507416020.75595367]
[507, 15, 559981385.42748761]
[507, 16, 603604912.99658108]
[507, 17, 543717011.35262299]
[507, 18, 377862675.13199806]
[507, 22, 315630371.05697757]
[507, 23, 438945132.3363663]
[507, 24, 496939231.55092275]
[507, 25, 666907505.94260669]
[507, 26, 669840908.32854497]
[507, 27, 648776815.35350847]
[507, 28, 559995239.12936926]
[507, 29, 250349993.0635094]
[508, 4, 329811291.56148636]
[508, 5, 472186659.33697152]
[508, 6, 608878680.44205463]
[508, 7, 621424064.1960336]
[508, 8, 466618157.72884834]
[508, 9, 470662759.88374895]
[508, 10, 373541889.9587065]
[508, 11, 298211478.96414971]
[508, 13, 251165052.24207404]
[508, 14, 383391844.87765551]
[508, 15, 423808571.29936844]
[508, 16, 482276061.66317111]
[508, 17, 475332149.20886934]
[508, 18, 345532587.95665437]
[508, 22, 295253536.02412474]
[508, 23, 408839881.17891359]
[508, 24, 519141435.35228229]
[508, 25, 625083596.63831568]
[508, 26, 653939113.8169806]
[508, 27, 646743913.56991637]
[508, 28, 496778661.30110782]
[509, 5, 239198769.18419683]
[509, 6, 352526580.56839067]
[509, 7, 496352575.00928855]
[509, 8, 401588189.83668143]
[509, 9, 398530475.8395282]
[509, 10, 303992002.75617182]
[509, 11, 266171577.86573681]
[509, 14, 293226898.69107151]
[509, 15, 306998413.03723878]
[509, 16, 359627927.87037528]
[509, 17, 420389416.32206988]
[509, 18, 317095862.37451845]
[509, 24, 307377287.97172415]
[509, 25, 296755981.78288496]
[509, 26, 337825605.5316332]
[509, 27, 370127168.22489649]
[509, 28, 307262727.0143162]
[513, 529, 299918458.99553156]
[513, 530, 323696618.60083461]
[514, 529, 409643853.21497822]
[514, 530, 490949424.85346353]
[514, 531, 259081834.12104246]
[515, 430, 266075792.53116846]
[515, 529, 465498924.04599035]
[515, 530, 597125896.72311282]
[515, 531, 301455898.3660239]
[516, 429, 479385903.22661811]
[516, 430, 655530201.39169109]
[516, 431, 452806292.19408649]
[516, 469, 282876893.14692527]
[516, 470, 242522459.86704457]
[516, 489, 249625289.08685133]
[516, 490, 317144728.61615402]
[516, 491, 304291196.73676437]
[516, 529, 465371600.198569]
[516, 530, 700002066.67527425]
[516, 531, 480535659.9710471]
[517, 160, 330821785.33616948]
[517, 161, 599502667.2293123]
[517, 162, 474690217.07552451]
[517, 163, 240989220.30303571]
[517, 428, 321602607.69629472]
[517, 429, 691856500.32947695]
[517, 430, 959547528.59254897]
[517, 431, 725336181.84444201]
[517, 469, 292904764.9132635]
[517, 490, 266719827.80658799]
[517, 491, 281153802.14586085]
[517, 529, 388737882.52001172]
[517, 530, 685104726.78577876]
[517, 531, 625510592.61508262]
[517, 532, 416394635.25903988]
[517, 533, 276319330.2242316]
[518, 160, 941341192.51297188]
[518, 161, 1311246015.2147887]
[518, 162, 1021160413.5740691]
[518, 163, 544709127.62459254]
[518, 429, 498855733.67829168]
[518, 430, 727408306.91706848]
[518, 431, 608090143.62664163]
[518, 529, 306606047.35931748]
[518, 530, 510591563.63966858]
[518, 531, 483628036.53685629]
[518, 532, 338934626.05975318]
[518, 533, 252712528.91455054]
[519, 159, 476758848.01324391]
[519, 160, 1539898211.9751468]
[519, 161, 1827037463.5286314]
[519, 162, 1366442800.6397927]
[519, 163, 706977518.55275273]
[519, 529, 330796051.48090184]
[519, 530, 349482955.37062764]
[520, 112, 317035843.37529314]
[520, 113, 325464340.72592759]
[520, 159, 471109983.52548671]
[520, 160, 1083636738.1788955]
[520, 161, 1135971345.9031122]
[520, 162, 796815427.85948515]
[520, 163, 378304050.16282815]
[520, 529, 337243504.79520893]
[521, 111, 255193220.12827826]
[521, 112, 438689871.77860659]
[521, 113, 497532556.18956786]
[521, 114, 301517867.76941705]
[521, 469, 296707027.5939889]
[522, 112, 306582216.13343066]
[522, 113, 377187270.15545511]
[522, 114, 280774418.29931664]
[522, 161, 538964671.06665516]
[522, 162, 933155939.22738099]
[522, 163, 1106989454.5125687]
[522, 164, 655320319.17068052]
[522, 522, 252753396.76064083]
[523, 161, 672992656.24697578]
[523, 162, 1344083226.0245039]
[523, 163, 1694269418.5993342]
[523, 164, 951249301.08488035]
[523, 459, 236489003.09008279]
[523, 460, 326098802.40907997]
[523, 522, 239637993.47299957]
[524, 161, 486153846.63349366]
[524, 162, 1024988989.8880128]
[524, 163, 1306722973.5958943]
[524, 164, 688527629.27511644]
[524, 459, 296579821.93124664]
[524, 460, 420670639.05283958]
[524, 461, 290106336.68487382]
[525, 161, 265732048.74468613]
[525, 162, 539758345.61018729]
[525, 163, 663778696.4050442]
[525, 164, 301181670.38737941]
[525, 460, 308264821.26152694]
[527, 179, 267130152.97176993]
[528, 178, 385758407.17568731]
[528, 179, 495980994.36325246]
[528, 180, 396523240.72268891]
[529, 178, 390558102.31760228]
[529, 179, 480117147.36703295]
[529, 180, 381036467.51794523]
[534, 135, 237110065.89445785]
[534, 136, 300808258.67965406]
[534, 137, 305340367.95085347]
[535, 135, 338296214.52740216]
[535, 136, 466626787.81058359]
[535, 137, 536525494.42036641]
[535, 138, 304985834.13391602]
[536, 135, 330350192.92867315]
[536, 136, 502872523.07094365]
[536, 137, 641001429.42857456]
[536, 138, 429631243.84134018]
[537, 135, 248761436.37088382]
[537, 136, 383070095.58916086]
[537, 137, 499115644.82874632]
[537, 138, 348901602.56537002]
[539, 453, 647241833.6280601]
[539, 454, 1073620293.1340554]
[539, 455, 1403092997.9034147]
[539, 456, 872950608.51518857]
[539, 457, 343703533.46560973]
[539, 458, 677123004.1185739]
[539, 459, 607708569.53818846]
[539, 460, 363416841.58567309]
[540, 433, 549783687.46748841]
[540, 434, 1319460688.5437641]
[540, 435, 1878524838.6632545]
[540, 436, 1385381166.2291679]
[540, 448, 598384812.77283955]
[540, 449, 952061116.12369204]
[540, 450, 668154295.82251835]
[540, 451, 371298540.75406575]
[540, 452, 739385739.90125203]
[540, 453, 1653875296.6183071]
[540, 454, 1864161524.6508815]
[540, 455, 2172508320.2491302]
[540, 456, 1221435130.2956147]
[540, 457, 401532187.77296823]
[540, 458, 919934791.11656857]
[540, 459, 857885511.29207325]
[540, 460, 540103739.67702329]
[540, 461, 236512753.38205117]
[540, 523, 244549425.71989667]
[540, 524, 350240166.39094388]
[540, 525, 804982232.54290104]
[540, 526, 1617432203.1326685]
[540, 527, 2379458783.7364874]
[540, 528, 1842556056.5234091]
[540, 530, 556431671.04711509]
[540, 531, 3122092431.7786088]
[540, 532, 4284307236.4548817]
[540, 533, 3118552622.8889999]
[540, 534, 1368112509.2875209]
[541, 433, 1279954509.3789163]
[541, 434, 2403591531.1686106]
[541, 435, 3151280276.2161903]
[541, 436, 2168509026.8564329]
[541, 448, 971858719.76459622]
[541, 449, 1992027378.9525483]
[541, 450, 1695726104.9167817]
[541, 451, 1240382667.5046642]
[541, 452, 1225126897.3637321]
[541, 453, 1556220951.8621004]
[541, 454, 1446003698.5280793]
[541, 455, 1525970327.4525039]
[541, 456, 810993818.57029188]
[541, 458, 585111933.43038332]
[541, 459, 557978829.11574841]
[541, 460, 346922410.30331779]
[541, 523, 258337216.15079293]
[541, 524, 720654060.19992876]
[541, 525, 1954444206.8903868]
[541, 526, 3550847544.5578194]
[541, 527, 4794065559.1089096]
[541, 528, 3370470801.0841532]
[541, 530, 462778658.37940669]
[541, 531, 5044384971.679636]
[541, 532, 7831641945.8657541]
[541, 533, 6074190180.5429554]
[541, 534, 2967408631.8099685]
[541, 535, 583076461.10747004]
[542, 433, 994400106.04662287]
[542, 434, 1809201488.2818677]
[542, 435, 2295530169.72928]
[542, 436, 1530831731.1629624]
[542, 448, 588436177.50805819]
[542, 449, 1474678479.6260912]
[542, 450, 1355878166.849838]
[542, 451, 1046804628.2368215]
[542, 452, 1059779381.0447621]
[542, 453, 1179040404.88026]
[542, 454, 872494284.46401441]
[542, 455, 741093450.5709846]
[542, 456, 317238039.42106611]
[542, 459, 255232867.91995367]
[542, 523, 238113310.92557871]
[542, 524, 651875214.99512827]
[542, 525, 1620046774.1968396]
[542, 526, 2879123763.5965414]
[542, 527, 3865976737.7691021]
[542, 528, 2646451461.5762954]
[542, 531, 3794890151.4612651]
[542, 532, 6211952253.5345325]
[542, 533, 4790930142.921195]
[542, 534, 2248498560.1479354]
[542, 535, 410211570.53584725]
[543, 433, 543678082.08831036]
[543, 434, 963970383.25958574]
[543, 435, 1143771763.681406]
[543, 436, 706298378.19157672]
[543, 449, 748978256.19851875]
[543, 450, 765002997.37162447]
[543, 451, 594270173.33584285]
[543, 452, 607237780.59708071]
[543, 453, 617556680.28605449]
[543, 454, 305345816.13596821]
[543, 524, 432358400.90630215]
[543, 525, 925473253.6835475]
[543, 526, 1599797840.6686249]
[543, 527, 2118204166.2222638]
[543, 528, 1374422186.0054679]
[543, 531, 2156567602.7254553]
[543, 532, 3743692816.1022248]
[543, 533, 2875706232.1481566]
[543, 534, 1294460841.4285314]
[544, 166, 857089408.27223957]
[544, 167, 1098093106.1138775]
[544, 168, 836223213.46705043]
[544, 169, 394218644.25490177]
[544, 333, 237252078.89425242]
[544, 434, 320991820.02155966]
[544, 435, 273979865.42716837]
[544, 450, 264041125.39607042]
[544, 525, 244218891.87661344]
[544, 526, 444017549.96846551]
[544, 527, 588780117.91138172]
[544, 528, 334872514.39665991]
[544, 531, 895002885.13248777]
[544, 532, 1704269070.4957039]
[544, 533, 1350528174.4486365]
[544, 534, 638598032.6274935]
[545, 137, 251352825.4665992]
[545, 138, 278596995.74175858]
[545, 139, 265914084.15933514]
[545, 166, 1329351864.5657229]
[545, 167, 1783823902.731667]
[545, 168, 1358285219.4320464]
[545, 169, 659124492.34923458]
[545, 332, 417026304.03730345]
[545, 333, 491280386.61293507]
[545, 531, 310144744.78080839]
[545, 532, 590347156.20654988]
[545, 533, 501421169.13531435]
[545, 534, 282406407.46353608]
[546, 135, 324034889.45056379]
[546, 136, 472792119.38784355]
[546, 137, 417770478.14138603]
[546, 138, 408481717.24256629]
[546, 139, 276531775.22425997]
[546, 166, 952979524.900383]
[546, 167, 1395894711.1658607]
[546, 168, 1086594783.5795043]
[546, 169, 540222655.89118659]
[546, 331, 283646854.13947785]
[546, 332, 552221637.54748714]
[546, 333, 676541886.86494946]
[546, 334, 326899855.00690717]
[547, 135, 357669736.09581399]
[547, 136, 380869164.48725176]
[547, 137, 247892353.51515844]
[547, 166, 663435595.63391042]
[547, 167, 949636661.78817725]
[547, 168, 699221455.59308493]
[547, 169, 344983350.34942043]
[547, 332, 451796635.56454515]
[547, 333, 621020005.66974008]
[547, 334, 341235430.35938871]
[547, 338, 331815081.62067926]
[547, 339, 352833223.5320366]
[548, 135, 296870715.25718582]
[548, 164, 601342005.1180476]
[548, 165, 744449522.79255056]
[548, 166, 1182491353.5968995]
[548, 167, 1079274237.1787071]
[548, 168, 569679598.27461219]
[548, 333, 292381329.38312626]
[548, 338, 476311174.22478837]
[548, 339, 458890059.78743976]
[549, 134, 237373874.10958689]
[549, 135, 263383646.07019863]
[549, 163, 1203745081.9863081]
[549, 164, 2591840528.247365]
[549, 165, 2297698263.6192636]
[549, 166, 1879804745.5722806]
[549, 167, 1115389146.1595974]
[549, 168, 411199587.55154914]
[549, 338, 567076963.79887176]
[549, 339, 494608424.54543197]
[550, 133, 295467042.64434266]
[550, 134, 370659170.12054253]
[550, 135, 249767197.58725989]
[550, 163, 2291121545.5991488]
[550, 164, 3700398381.264174]
[550, 165, 2640145683.2295699]
[550, 166, 1432312371.7575123]
[550, 167, 376245230.54876244]
[550, 338, 363538988.83256406]
[551, 132, 364942121.12262779]
[551, 133, 596954694.2612406]
[551, 134, 773024253.34802043]
[551, 135, 507554211.42855752]
[551, 163, 3333486429.0889902]
[551, 164, 5080804209.7588034]
[551, 165, 3671979656.6424518]
[551, 166, 1968594127.2537735]
[551, 167, 474721861.77049047]
[552, 132, 524264422.82935548]
[552, 133, 885974082.69995737]
[552, 134, 1188513505.2150614]
[552, 135, 842349765.22800958]
[552, 162, 454080192.31208348]
[552, 163, 4086948980.9085546]
[552, 164, 5711630389.4003115]
[552, 165, 4196876964.4786634]
[552, 166, 2334842254.3705378]
[552, 167, 655011539.73219788]
[553, 132, 547916208.76704168]
[553, 133, 948997297.52797055]
[553, 134, 1263823504.0664089]
[553, 135, 895884731.17608821]
[553, 162, 554489307.35575235]
[553, 163, 2187442521.6212282]
[553, 164, 2711805924.6004]
[553, 165, 2038559912.2692811]
[553, 166, 1185956757.0378242]
[553, 167, 386236677.17648566]
[554, 133, 322446762.39631861]
[554, 134, 353501297.07494146]
[554, 135, 236110580.16744205]
[574, 128, 313218187.18671763]
[574, 129, 286857804.67752826]
[574, 130, 256753704.5690726]
[575, 127, 236241172.69212687]
[575, 128, 403667779.88462108]
[575, 129, 455835401.29411519]
[575, 130, 615642988.33386874]
[575, 131, 529814407.0360797]
[575, 132, 247781820.86824173]
[575, 141, 291794025.37274337]
[575, 142, 355946968.6821909]
[575, 143, 351312648.57102746]
[575, 158, 343249819.48318446]
[575, 159, 4376379737.5843773]
[575, 160, 6305835346.6350441]
[575, 161, 4331531139.2979364]
[575, 162, 1905170742.3514998]
[576, 128, 316556620.52589047]
[576, 129, 332392418.50313437]
[576, 130, 517517592.49938637]
[576, 131, 478537390.76654935]
[576, 159, 6187087749.3522701]
[576, 160, 9400796722.0342083]
[576, 161, 6718869117.2971745]
[576, 162, 3242470664.7919598]
[576, 163, 587621451.95824456]
[577, 126, 252190448.68422547]
[577, 127, 465154587.41608584]
[577, 128, 551133944.55233407]
[577, 129, 478642524.4962104]
[577, 130, 578586956.87806606]
[577, 131, 418730069.08442092]
[577, 159, 4646050654.7655926]
[577, 160, 7582555581.3063145]
[577, 161, 5706491438.9537354]
[577, 162, 3054307465.9863534]
[577, 163, 832290588.29298949]
[578, 127, 359129952.52885872]
[578, 128, 395392438.0142957]
[578, 129, 313842310.23973775]
[578, 130, 340829799.67587864]
[578, 159, 2423597774.6443186]
[578, 160, 4893217783.87953]
[578, 161, 4036576961.168571]
[578, 162, 2518600647.2314291]
[578, 163, 929197218.18418908]
[579, 159, 387794571.46215487]
[579, 160, 2195343583.4961624]
[579, 161, 2147591268.7789278]
[579, 162, 1577343408.1032357]
[579, 163, 662944104.92651689]
[580, 127, 235902974.48934525]
[580, 159, 405255446.09736478]
[580, 160, 1737053328.2849174]
[580, 161, 1653140538.9733586]
[580, 162, 1140448306.0642872]
[580, 163, 458290452.7627964]
[581, 126, 304318230.74790078]
[581, 127, 369144749.86195195]
[581, 128, 395442770.51518506]
[581, 159, 1214252878.8989146]
[581, 160, 2506845906.355691]
[581, 161, 2105473793.5384138]
[581, 162, 1275965110.9870358]
[581, 163, 479195924.02967048]
[582, 127, 267332849.35440034]
[582, 128, 315386005.86177981]
[582, 159, 2138464445.0336051]
[582, 160, 3439290452.563477]
[582, 161, 2656369983.5521498]
[582, 162, 1428280802.8369765]
[582, 163, 418778786.26622993]
[583, 127, 236367235.54680306]
[583, 128, 276639334.16767865]
[583, 141, 286907758.47813338]
[583, 142, 298560124.97725701]
[583, 159, 1752522389.4645138]
[583, 160, 2184201889.2159076]
[583, 161, 1387161149.2128096]
[583, 162, 480474290.6206283]
[584, 70, 311982327.58533818]
[584, 101, 278357254.56118649]
[584, 102, 352208795.87958217]
[584, 128, 235244106.86231202]
[584, 159, 867810843.46884298]
[584, 160, 761398182.92359376]
[584, 161, 261059174.75572586]
[585, 70, 271269781.73039263]
[585, 101, 262400708.08771321]
[585, 102, 282378122.78940725]
[586, 70, 253067107.8217178]
[586, 101, 444010872.44546735]
[586, 102, 417689754.39113599]
[586, 103, 239986073.35131532]
[587, 69, 251853557.40894955]
[587, 70, 255997787.52871886]
[587, 100, 320522929.02907425]
[587, 101, 590462729.11717331]
[587, 102, 520439903.26841408]
[587, 103, 311883740.96533829]
[588, 69, 310622368.45091319]
[588, 70, 256149284.346515]
[588, 100, 399219048.08482975]
[588, 101, 582220709.84847116]
[588, 102, 469178366.13862538]
[588, 103, 264567869.09741461]
[589, 68, 292635455.67568034]
[589, 69, 321174500.89012855]
[589, 70, 244956959.54945579]
[589, 100, 372054994.79907942]
[589, 101, 438889371.68131387]
[589, 102, 323450995.05438638]
[589, 431, 304348205.85895646]
[589, 432, 328100244.73812383]
[590, 68, 291074814.64569205]
[590, 69, 295325921.71545261]
[590, 100, 446171320.26553077]
[590, 101, 466736204.84244627]
[590, 102, 326937455.88764405]
[590, 430, 364982921.44527566]
[590, 431, 631103110.68528306]
[590, 432, 703903711.15494025]
[590, 433, 316978291.8373096]
[590, 536, 258431117.66240343]
[591, 430, 468689940.4597218]
[591, 431, 819774379.59734774]
[591, 432, 947903211.5208354]
[591, 433, 503661639.460585]
[591, 473, 321606263.2613436]
[591, 474, 314759441.40605688]
[591, 475, 246710386.87359607]
[591, 535, 321326410.0841682]
[591, 536, 490230777.78238434]
[591, 537, 305904199.05088818]
[592, 430, 255940232.62622112]
[592, 431, 509162298.54209208]
[592, 432, 654954462.01514947]
[592, 433, 405492902.21717668]
[592, 472, 278713543.35496843]
[592, 473, 570735410.43854773]
[592, 474, 537542123.73835611]
[592, 475, 406221456.1179266]
[592, 476, 274578597.06894988]
[592, 495, 351728580.38175976]
[592, 496, 437029031.66439915]
[592, 497, 269212197.19293177]
[592, 535, 506943046.63142264]
[592, 536, 730465542.11793327]
[592, 537, 433259405.93554199]
[593, 472, 277074009.87135243]
[593, 473, 500110223.55799377]
[593, 474, 435382471.66161156]
[593, 475, 299115775.34219074]
[593, 495, 451995095.81573021]
[593, 496, 598045075.65042377]
[593, 497, 409941539.1251567]
[593, 535, 694347595.39858866]
[593, 536, 945122617.21417904]
[593, 537, 516353002.6179052]
[594, 495, 266995304.19147825]
[594, 496, 389197295.76680458]
[594, 497, 298973239.27845061]
[594, 535, 698699552.24647462]
[594, 536, 843356611.11664987]
[594, 537, 341938535.32925248]
[595, 535, 395640246.43659651]
[595, 536, 264276693.7513659]
[596, 436, 251470460.69552463]
[596, 535, 243163660.58754638]
[600, 123, 249059051.04828084]
[600, 124, 354762558.58128369]
[600, 125, 487490378.1695118]
[600, 126, 475301488.48627532]
[600, 127, 264583095.85374239]
[600, 136, 303212102.19001627]
[600, 137, 447429373.40903288]
[600, 138, 556334664.91481316]
[600, 139, 553866012.14842796]
[600, 140, 246102625.83986238]
[600, 157, 330984412.08369279]
[601, 124, 281823786.76289237]
[601, 125, 382213477.93843496]
[601, 126, 365269935.706393]
[601, 136, 351611553.02838331]
[601, 137, 506714816.68517637]
[601, 138, 602360667.25235403]
[601, 139, 544838505.45352244]
[601, 156, 844837089.27738333]
[601, 157, 1239283505.7795413]
[601, 158, 803513795.73617709]
[602, 123, 284517835.75348788]
[602, 124, 308896214.06797147]
[602, 125, 330923216.5391292]
[602, 126, 277827985.8132112]
[602, 137, 270737759.9768849]
[602, 138, 277241990.91364831]
[602, 156, 968107411.94681513]
[602, 157, 1272140129.3380613]
[602, 158, 791116593.17921972]
[603, 123, 256531154.4280237]
[603, 156, 812786953.02213621]
[603, 157, 1040796769.2581818]
[603, 158, 684880469.01578426]
[603, 159, 250155428.02222538]
[604, 156, 451042642.38394117]
[604, 157, 597566718.34953022]
[604, 158, 419118548.66578817]
[610, 64, 257093400.55387282]
[611, 64, 374335062.88649273]
[611, 65, 273586118.15820551]
[611, 96, 304016877.87156093]
[611, 97, 238311517.40897813]
[612, 64, 303170847.82568038]
[612, 95, 239245488.86400008]
[612, 96, 372220824.70085865]
[613, 95, 253538719.59052169]
[613, 96, 362212115.90262777]
[614, 96, 289945141.60011101]
[615, 438, 254078831.30115288]
[615, 439, 500661156.24329686]
[615, 440, 592902044.85280073]
[615, 441, 299458780.99800849]
[615, 453, 581499476.76148045]
[615, 454, 879706050.59284627]
[615, 455, 659038586.63920939]
[615, 456, 497898618.44911397]
[616, 438, 344320451.11505604]
[616, 439, 541034634.50342536]
[616, 440, 605339909.1155901]
[616, 441, 325294999.86307406]
[616, 453, 759036591.37223887]
[616, 454, 1398492939.2938156]
[616, 455, 1100371980.0036144]
[616, 456, 1049629094.24431]
[616, 457, 472737301.21038383]
[617, 436, 322708232.20577407]
[617, 437, 520031927.74445617]
[617, 438, 667396647.92146635]
[617, 439, 687621704.91302347]
[617, 440, 566224240.47803998]
[617, 441, 280156087.21996653]
[617, 453, 428389527.00654364]
[617, 454, 996282974.64596403]
[617, 455, 816437202.07737541]
[617, 456, 955711299.93278515]
[617, 457, 571167048.08607149]
[617, 460, 291128389.50606072]
[617, 461, 274206669.1375683]
[617, 473, 491489476.79167044]
[617, 474, 901638684.76038218]
[617, 475, 669952034.23612165]
[617, 476, 295486093.25989252]
[617, 502, 337470407.73378712]
[617, 503, 821286410.00122786]
[617, 504, 1207045543.6266603]
[617, 505, 843695618.55032027]
[617, 518, 316370401.98358124]
[617, 519, 451149530.7073853]
[617, 520, 243500932.68365318]
[618, 436, 244598461.25721976]
[618, 437, 348477250.55890214]
[618, 438, 416976975.52759457]
[618, 439, 408546285.3037079]
[618, 440, 344942129.30210948]
[618, 454, 490949877.97839862]
[618, 455, 483194201.06338084]
[618, 456, 969488848.97437787]
[618, 457, 1008325085.7969913]
[618, 458, 649410160.41865396]
[618, 459, 489944791.0206511]
[618, 460, 451744828.0386368]
[618, 461, 312512307.59509045]
[618, 473, 641824231.92251575]
[618, 474, 1363579302.0742221]
[618, 475, 1091870770.9835472]
[618, 476, 549697090.47102761]
[618, 502, 803274993.50182712]
[618, 503, 1643518403.3373282]
[618, 504, 2262749997.1233454]
[618, 505, 1412288036.7425361]
[618, 518, 538406903.93827939]
[618, 519, 887370921.04313171]
[618, 520, 578628982.60953271]
[618, 521, 380863946.0766722]
[619, 456, 560497151.85804868]
[619, 457, 743131124.21401525]
[619, 458, 564711079.6819185]
[619, 459, 449732436.06520414]
[619, 460, 387598006.25816888]
[619, 461, 251218249.92528418]
[619, 473, 421512404.75047052]
[619, 474, 991539618.725703]
[619, 475, 811025783.64842391]
[619, 476, 411110956.53963697]
[619, 502, 712842010.55011559]
[619, 503, 1378866728.0359924]
[619, 504, 1828824447.399066]
[619, 505, 1040121871.981703]
[619, 518, 404846223.06706625]
[619, 519, 703551401.38393962]
[619, 520, 475831833.12306643]
[619, 521, 394507674.94730449]
[619, 523, 497390470.34023935]
[619, 524, 1146152702.4020343]
[619, 525, 1752795820.627444]
[619, 526, 1288120772.5568919]
[619, 537, 722335164.5342176]
[619, 538, 302579150.11071873]
[620, 456, 293149120.10276663]
[620, 457, 523339204.03616083]
[620, 458, 533395064.60318708]
[620, 459, 488708804.35489571]
[620, 460, 393706717.29890227]
[620, 474, 490206307.7339766]
[620, 475, 413018046.39237005]
[620, 502, 395627946.56073624]
[620, 503, 740217823.08528435]
[620, 504, 953499929.60731506]
[620, 505, 468649000.34959322]
[620, 519, 420454853.52231926]
[620, 520, 288288747.12088925]
[620, 521, 313941732.96211833]
[620, 522, 424342117.47019315]
[620, 523, 1007868444.8747391]
[620, 524, 1864256219.9349344]
[620, 525, 2585668744.1164517]
[620, 526, 1718785919.9513068]
[620, 537, 1803792730.3544431]
[620, 538, 2115241870.2661142]
[620, 539, 1007388724.109489]
[621, 458, 237519675.74641579]
[621, 522, 354248136.20985293]
[621, 523, 784558826.27518213]
[621, 524, 1351668451.5704155]
[621, 525, 1767314482.7081778]
[621, 526, 1075255701.2778306]
[621, 537, 1656945201.7252736]
[621, 538, 2166333107.4863524]
[621, 539, 1241852520.227576]
[622, 523, 371813943.70893836]
[622, 524, 626851705.61210978]
[622, 525, 743576458.83288074]
[622, 526, 325409646.79332733]
[622, 537, 1170823375.4116318]
[622, 538, 1700537945.142688]
[622, 539, 1102364418.4795299]
[622, 540, 319599108.28600734]
[623, 537, 673005494.73521399]
[623, 538, 1143809179.0593138]
[623, 539, 843635034.28090811]
[623, 540, 318741880.14113438]
[624, 538, 464186978.9150914]
[624, 539, 401838530.11906695]
[628, 92, 270949548.6807552]
[628, 93, 454366968.12489128]
[628, 94, 336936998.47542465]
[628, 118, 334816506.80370033]
[628, 119, 567701956.21591866]
[628, 120, 748451931.87672305]
[628, 121, 353993600.66489387]
[629, 92, 535190485.08784866]
[629, 93, 815102765.26597714]
[629, 94, 626840890.61491013]
[629, 95, 322612127.40631586]
[629, 118, 759619631.96582365]
[629, 119, 1479427101.022573]
[629, 120, 2068266971.8119011]
[629, 121, 1322301355.0156775]
[630, 92, 753147825.72656512]
[630, 93, 1018619173.600497]
[630, 94, 784622392.28009677]
[630, 95, 423731121.88740343]
[630, 118, 962646304.57117558]
[630, 119, 2125872817.815773]
[630, 120, 3097166061.7364006]
[630, 121, 2154267269.5687389]
[630, 152, 1104935970.4140949]
[630, 153, 1326591081.627768]
[630, 154, 1076112250.5627973]
[630, 155, 524438319.64619839]
[631, 92, 473699335.69442785]
[631, 93, 546931061.57494569]
[631, 94, 399636346.41979408]
[631, 118, 845959460.85416913]
[631, 119, 2138775894.9090133]
[631, 120, 3219873852.7701397]
[631, 121, 2326892946.7713547]
[631, 122, 334681324.89989239]
[631, 151, 1199715243.7818639]
[631, 152, 3522139287.4635191]
[631, 153, 3359502011.842309]
[631, 154, 2361910858.6903462]
[631, 155, 1054763577.246509]
[632, 119, 411123955.23627949]
[632, 120, 943349917.64433026]
[632, 121, 860750760.76988995]
[632, 151, 2931139099.4953289]
[632, 152, 5646956339.826086]
[632, 153, 4963486581.3083591]
[632, 154, 3250447855.7820811]
[632, 155, 1344935952.734777]
[633, 151, 2870557355.1169591]
[633, 152, 4542613167.4673204]
[633, 153, 3792533381.3165646]
[633, 154, 2322045241.4346967]
[633, 155, 873185149.09511113]
[634, 151, 295682029.50624448]
[634, 152, 259981700.44027567]
[644, 89, 620971673.0439229]
[644, 90, 826919191.08412266]
[644, 91, 481476505.58406323]
[645, 89, 964489723.78629899]
[645, 90, 1391334988.1843975]
[645, 91, 924128768.54189909]
[645, 92, 376508588.76473486]
[646, 89, 759511907.36526453]
[646, 90, 1170744291.9963012]
[646, 91, 817022171.23668909]
[646, 92, 368592549.29264265]
[646, 116, 613757081.04755878]
[646, 117, 1188567245.6259589]
[646, 118, 1491869720.349369]
[646, 119, 970368537.91875207]
[646, 120, 295778682.74945927]
[647, 89, 343826583.44971961]
[647, 90, 601925757.43204069]
[647, 91, 423054729.45397854]
[647, 115, 267912760.41021886]
[647, 116, 929292323.79225659]
[647, 117, 1829712181.1731701]
[647, 118, 2189536461.6892257]
[647, 119, 1220430979.4400427]
[648, 116, 717649929.02311611]
[648, 117, 1441353709.0605371]
[648, 118, 1700596738.689631]
[648, 119, 857359985.12187576]
[648, 148, 266764333.61239076]
[648, 149, 1517532324.2697239]
[648, 150, 1533684933.3297381]
[648, 151, 852896445.41283405]
[649, 116, 413106892.16451418]
[649, 117, 820087556.70571375]
[649, 118, 937311868.09037447]
[649, 119, 395482425.35424268]
[649, 148, 354501468.27571499]
[649, 149, 2721488289.4768109]
[649, 150, 2980615310.6284266]
[649, 151, 1913728772.7598898]
[649, 152, 699497509.53034735]
[650, 117, 257833074.98279452]
[650, 118, 266040337.59332544]
[650, 149, 2161168482.1643677]
[650, 150, 2390629872.5992565]
[650, 151, 1556006633.7505941]
[650, 152, 587845427.59354937]
[651, 149, 1120432147.3493586]
[651, 150, 1256355771.0086884]
[651, 151, 809744141.95717037]
[651, 152, 289847161.90783554]
[652, 149, 273942784.33494806]
[652, 150, 340972123.81733543]
[655, 370, 250397389.49754721]
[656, 370, 246103051.01077038]
[660, 326, 301048546.39067829]
[660, 327, 439773869.79369783]
[660, 328, 458524894.95102549]
[660, 335, 287017512.95820177]
[661, 325, 246373635.57039046]
[661, 326, 495020410.94585311]
[661, 327, 701177428.63897181]
[661, 328, 697419547.82920432]
[661, 334, 611717258.21952391]
[661, 335, 809010540.67946291]
[661, 336, 623269550.63337445]
[662, 326, 430746002.13290584]
[662, 327, 610026045.22730815]
[662, 328, 597247361.03228319]
[662, 334, 795703576.65938306]
[662, 335, 1077029589.402436]
[662, 336, 879850194.65837669]
[662, 337, 394957461.19842142]
[663, 327, 277491064.79239714]
[663, 328, 258407193.24007446]
[663, 334, 620016160.77780354]
[663, 335, 824164567.25125694]
[663, 336, 676530554.72004616]
[663, 337, 321038703.89313489]
[664, 334, 297047758.23972607]
[664, 335, 393748294.52275687]
[664, 336, 317377730.66746104]
[666, 23, 243575678.98378849]
[666, 24, 311112150.66610438]
[667, 23, 266239202.45430422]
[667, 24, 310612741.75777543]
[673, 554, 294078505.55683154]
[673, 555, 270462816.35082263]
[674, 553, 271898601.65860891]
[674, 554, 356522467.80767024]
[674, 555, 333920054.05441427]
[675, 34, 243625587.52011114]
[675, 35, 247653853.47014874]
[675, 553, 334050998.08641219]
[675, 554, 434292450.28610295]
[675, 555, 413648311.49317658]
[675, 556, 260264349.59543538]
[676, 553, 249414176.87695801]
[676, 554, 351777656.40360683]
[676, 555, 346473894.14137888]
[677, 12, 280543905.55147892]
[677, 13, 441763302.24483669]
[677, 14, 456310484.43089187]
[677, 15, 278228847.25517106]
[678, 12, 269123718.48511744]
[678, 13, 410141918.92786545]
[678, 14, 401958505.65806383]
[678, 15, 245281797.35697216]
[679, 13, 240162959.60101628]
[686, 163, 258184140.85023028]
[686, 164, 301133480.77448201]
[686, 165, 254356272.16694924]
[691, 195, 238801799.50677231]
[692, 195, 267091525.89953029]
[692, 196, 235312703.60057437]
[693, 196, 235782320.24231458]
[694, 196, 240860838.96210164]
[694, 197, 334257271.53684342]
[694, 198, 305396795.51230741]
[694, 386, 256431273.57380328]
[695, 196, 395737650.41880822]
[695, 197, 563103442.69877839]
[695, 198, 513029971.35164905]
[695, 199, 320398542.43705779]
[695, 385, 301799238.3129828]
[695, 386, 346419047.34731209]
[695, 387, 247409637.5944823]
[696, 196, 362549055.22678018]
[696, 197, 504576563.38722253]
[696, 198, 447972864.83201164]
[696, 199, 249838524.72815526]
[696, 385, 305749539.0255664]
[696, 386, 326950399.20078468]
[697, 197, 303925615.27530307]
[697, 198, 243242312.76351476]
[698, 381, 241180062.96987692]
[698, 382, 243457024.85582891]
[699, 381, 281090568.79995424]
[699, 382, 282103954.51292992]
[699, 389, 261050144.56914842]
[700, 380, 357313833.91781104]
[700, 381, 607704145.06476736]
[700, 382, 669852449.77300525]
[700, 383, 320065541.32056212]
[700, 389, 260493229.30166316]
[700, 390, 249550693.25550815]
[701, 380, 719443792.65913606]
[701, 381, 1230332033.794322]
[701, 382, 1324310663.0045152]
[701, 383, 634943171.69285071]
[701, 397, 241114482.22597402]
[701, 398, 278626158.78500837]
[701, 399, 248513768.84735662]
[702, 380, 711783216.74559426]
[702, 381, 1228129300.8531094]
[702, 382, 1331490737.5509341]
[702, 383, 732201303.60496366]
[702, 384, 275718243.85718656]
[702, 397, 277142863.60149902]
[702, 398, 404322907.70091748]
[702, 399, 403580632.27090651]
[702, 400, 288865288.29482639]
[703, 380, 445358709.38281465]
[703, 381, 795892970.07086563]
[703, 382, 894021439.55875206]
[703, 383, 642438633.91597319]
[703, 384, 447890253.86917281]
[703, 385, 292813588.47759557]
[703, 396, 249221729.23110026]
[703, 397, 465807239.31605166]
[703, 398, 605204920.11703014]
[703, 399, 528280252.87695837]
[703, 400, 337343654.85219133]
[704, 381, 320869108.1348924]
[704, 382, 422033468.18478525]
[704, 383, 548757559.23001301]
[704, 384, 588261572.69612849]
[704, 385, 383869099.24943942]
[704, 395, 238328345.99709249]
[704, 396, 377482879.99627113]
[704, 397, 507365052.38242924]
[704, 398, 545965223.30419612]
[704, 399, 426426614.3405385]
[704, 400, 249428897.14871463]
[704, 402, 241709916.37709653]
[705, 383, 428827051.06298071]
[705, 384, 504296629.04083472]
[705, 385, 329658582.07525718]
[705, 395, 238059557.48621315]
[705, 396, 422436735.47465885]
[705, 397, 455897555.88516867]
[705, 398, 459698683.26186359]
[705, 399, 370352930.94554585]
[705, 400, 257022746.69103843]
[705, 402, 352684966.05107188]
[705, 403, 317018997.08190376]
[705, 404, 454947813.22975063]
[705, 405, 329510611.77683866]
[706, 396, 460542894.91556269]
[706, 397, 472899131.51081491]
[706, 398, 509602216.13147259]
[706, 399, 433659221.77304035]
[706, 400, 359563417.36736822]
[706, 401, 348191871.2251116]
[706, 402, 486097057.02431488]
[706, 403, 540045180.64180577]
[706, 404, 814039191.87453389]
[706, 405, 716730536.17003655]
[706, 406, 247743916.02976841]
[707, 396, 402589287.09622335]
[707, 397, 401499611.38445067]
[707, 398, 526590310.60501945]
[707, 399, 485650191.42319655]
[707, 400, 418784453.01090264]
[707, 401, 434432614.27094066]
[707, 402, 593227119.94293666]
[707, 403, 707700393.87050104]
[707, 404, 1070959044.9770154]
[707, 405, 1160978196.1212504]
[707, 406, 725492595.51663899]
[707, 407, 440601180.47419834]
[708, 376, 283955368.54984403]
[708, 377, 298700146.36492741]
[708, 378, 237226533.69812095]
[708, 396, 266697673.09327102]
[708, 397, 257246214.54626489]
[708, 398, 482147523.78506422]
[708, 399, 522273164.78556383]
[708, 400, 454706683.233383]
[708, 401, 420032187.37852287]
[708, 402, 511318312.40010095]
[708, 403, 638130884.66319609]
[708, 404, 1027856455.7307277]
[708, 405, 1358869977.5340724]
[708, 406, 1181006780.9628692]
[708, 407, 930107701.96576929]
[708, 408, 509738233.35059053]
[709, 375, 329467033.27054578]
[709, 376, 455143883.57698804]
[709, 377, 438491802.21235704]
[709, 378, 299243928.10653776]
[709, 396, 239700951.43608662]
[709, 398, 459806640.46496075]
[709, 399, 525058077.14018619]
[709, 400, 428810345.90340179]
[709, 401, 286583828.54241741]
[709, 402, 276222474.26594269]
[709, 403, 367030490.93287945]
[709, 404, 603197161.02640676]
[709, 405, 938769790.47838295]
[709, 406, 988299668.91025054]
[709, 407, 843229823.21939611]
[709, 408, 472853560.14191502]
[710, 375, 290874967.28902453]
[710, 376, 391947011.99403906]
[710, 377, 365656416.09996128]
[710, 398, 460104050.34903789]
[710, 399, 517580086.58799726]
[710, 400, 427672236.72624981]
[710, 401, 287616835.54061198]
[710, 403, 237159426.78585136]
[710, 404, 317079325.04586864]
[710, 405, 503567480.28096402]
[710, 406, 636422878.48461092]
[710, 407, 613435483.57073808]
[710, 408, 413539851.02923697]
[711, 398, 327473085.69465011]
[711, 399, 387241382.84152961]
[711, 400, 352420570.89645827]
[711, 401, 273466146.53926486]
[711, 405, 300113808.79460901]
[711, 406, 500246618.49946523]
[711, 407, 646338393.11441922]
[711, 408, 576878058.47918046]
[711, 409, 327248983.42684948]
[712, 399, 239446463.87188545]
[712, 400, 261158700.24925297]
[712, 406, 380300156.96661246]
[712, 407, 540947514.21303916]
[712, 408, 510456344.84160548]
[712, 409, 252585599.57558358]
[713, 406, 295475853.94444895]
[713, 407, 360554908.60685658]
[713, 408, 374699335.3285318]
[714, 406, 290789721.00327313]
[714, 407, 341170617.03087527]
[714, 408, 400308155.02156329]
[714, 409, 261657293.99949473]
[715, 404, 254526421.35855782]
[715, 405, 303398061.94044298]
[715, 406, 308722121.4514209]
[715, 407, 311133877.6117065]
[715, 408, 359049190.2527613]
[715, 409, 268556104.58377486]
[716, 404, 264745916.20552129]
[716, 405, 301329209.44973153]
[716, 406, 251143361.56173456]
[716, 408, 243905366.15561444]
[716, 409, 261258164.37276447]
[717, 405, 255401042.7252146]
[717, 409, 364086982.47526395]
[717, 410, 420193459.97956622]
[717, 411, 300267184.08986658]
[718, 402, 260426928.83891797]
[718, 403, 298639250.06824511]
[718, 405, 235574645.1046918]
[718, 409, 305035883.5839901]
[718, 410, 517045316.20961672]
[718, 411, 439402119.34911847]
[718, 412, 261340081.45138472]
[719, 401, 254006578.53318116]
[719, 402, 359118749.57116556]
[719, 403, 381121918.40913796]
[719, 404, 263932130.54183137]
[719, 405, 242873482.39488626]
[719, 410, 460220684.17541039]
[719, 411, 412582282.63009441]
[719, 412, 246882580.53314978]
[720, 402, 282438687.90919882]
[720, 403, 316245284.18721312]
[720, 410, 283047364.39534712]
[720, 411, 258792692.61797202]
[729, 131, 353840068.40723807]
[729, 132, 333879944.1550281]
[729, 133, 284927565.43916923]
[730, 130, 324259024.30083394]
[730, 131, 437040309.38456631]
[730, 132, 420390157.65687752]
[730, 133, 405613545.82260942]
[730, 134, 284107496.56671405]
[730, 135, 252221781.52967268]
[731, 131, 267234568.75386468]
[731, 132, 292907360.30492622]
[731, 133, 338274014.40392953]
[731, 134, 250184478.58806989]
[731, 135, 241446227.08375442]
[731, 159, 269543191.25398111]
[732, 133, 235730758.00466055]
[732, 159, 241604896.37339365]
[737, 170, 249428414.34787983]
[738, 170, 250634981.2072705]
[738, 202, 245974437.5651046]
[738, 222, 297878268.89228553]
[738, 225, 248098149.9133414]
[738, 226, 310277838.48175633]
[738, 227, 261262719.01134723]
[738, 228, 336616927.08251357]
[738, 229, 334892775.62358099]
[739, 222, 250007499.63752091]
[739, 225, 319697447.32163084]
[739, 226, 387266740.80973852]
[739, 227, 337834321.22171712]
[739, 228, 457822830.2041862]
[739, 229, 470175406.42769778]
[739, 230, 305233051.36024278]
[739, 247, 273360390.28660393]
[740, 225, 272937537.15901023]
[740, 226, 322220788.04376346]
[740, 227, 292462004.46289986]
[740, 228, 409162741.58202487]
[740, 229, 428491600.52209437]
[740, 230, 311698703.02176112]
[740, 231, 243713302.7215158]
[740, 246, 312976520.6178897]
[740, 247, 356996660.96421504]
[740, 248, 240758500.06029147]
[741, 229, 239412094.07416236]
[741, 246, 285898513.36671245]
[741, 247, 306427872.78096998]
[741, 248, 235524974.56183219]
[741, 403, 264706776.59652978]
[742, 246, 240728572.64801303]
[742, 247, 250796524.82430497]
[742, 250, 288677033.69590867]
[743, 250, 253702444.36574718]
[747, 404, 272158649.71070886]
[748, 403, 375275461.63158709]
[748, 404, 535049325.01007152]
[748, 405, 439715320.09327161]
[748, 406, 243548019.81365624]
[749, 305, 260514803.16639268]
[749, 403, 500346122.31897354]
[749, 404, 742972712.2546283]
[749, 405, 627627922.19264305]
[749, 406, 364952685.74857426]
[750, 304, 246408043.56542984]
[750, 305, 280264813.57947004]
[750, 403, 391991810.69385332]
[750, 404, 594851449.47430122]
[750, 405, 500230390.14322042]
[750, 406, 277688166.76899487]
[751, 404, 348264424.65457284]
[751, 405, 276664316.63363296]
[753, 332, 345794942.47693819]
[753, 333, 293502242.77942276]
[753, 335, 276559371.82978493]
[753, 336, 275624818.83882755]
[754, 332, 353392261.61637878]
[754, 333, 301668708.5265677]
[754, 335, 266100263.67941004]
[754, 336, 255855976.31755]
[755, 332, 247336412.53222093]
[757, 342, 294817759.32603544]
[757, 350, 245897656.60250589]
[758, 341, 242997239.79217669]
[758, 342, 357663924.87135494]
[758, 343, 275933140.32012546]
[758, 350, 280331088.49212867]
[759, 342, 256020145.45180702]
[763, 382, 236200660.87350833]
[764, 379, 242734480.61205152]
[764, 382, 269320399.03795147]
[764, 383, 264019345.07990122]
[766, 426, 272995565.06103194]
[767, 419, 257286543.4382242]
[767, 420, 259986768.66206387]
[767, 426, 269569636.67644]
[768, 435, 236603293.73043275]
[770, 440, 236841460.31963244]
[770, 442, 259043813.34841451]
[771, 440, 260108745.4239189]
[771, 441, 240444243.71547756]
[771, 442, 281744099.17901641]
[771, 443, 245304418.66596019]
[771, 451, 247619512.17342561]
[771, 452, 281183303.26408416]
[771, 453, 270370198.496333]
[772, 451, 299539504.92217624]
[772, 452, 372430881.32215196]
[772, 453, 429886339.54483658]
[772, 454, 433032014.46699715]
[773, 451, 245654135.56116658]
[773, 452, 350179009.28901362]
[773, 453, 499755482.2541151]
[773, 454, 611377046.50506675]
[773, 455, 399964853.5824613]
[774, 452, 251610937.88639176]
[774, 453, 470615797.25957674]
[774, 454, 686527357.22210824]
[774, 455, 575339483.54419231]
[774, 456, 346084088.71396601]
[774, 467, 243122551.73567629]
[774, 468, 250475554.26858222]
[774, 475, 400643212.00428641]
[774, 476, 376285020.94291526]
[774, 477, 254610510.88058406]
[774, 488, 306543986.22069162]
[774, 489, 336763397.35831994]
[775, 453, 309484079.35672998]
[775, 454, 498343398.70414329]
[775, 455, 512313595.01580596]
[775, 456, 384490889.92443925]
[775, 465, 466075772.82271296]
[775, 466, 560507160.88820159]
[775, 467, 580304956.44079983]
[775, 468, 490430330.54453826]
[775, 469, 436977730.13332647]
[775, 475, 480726755.81269187]
[775, 476, 443778689.38749838]
[775, 477, 314271130.99922121]
[775, 478, 256615490.13245955]
[775, 487, 259706672.3919636]
[775, 488, 496689175.91668499]
[775, 489, 533355680.69379807]
[775, 490, 376409714.75774109]
[776, 464, 324166420.20475078]
[776, 465, 837111713.32398736]
[776, 466, 1006896805.625375]
[776, 467, 889989718.44979715]
[776, 468, 625462842.58165014]
[776, 469, 540423267.54299033]
[776, 471, 242992564.15752354]
[776, 475, 427409760.98759151]
[776, 476, 361767625.32308984]
[776, 477, 281670324.20197999]
[776, 478, 305162669.64712173]
[776, 479, 275988239.01149046]
[776, 487, 343876039.62503678]
[776, 488, 594868754.15138698]
[776, 489, 608750852.22120774]
[776, 490, 458447730.74379706]
[776, 491, 328943300.40309733]
[776, 492, 246379182.15744877]
[777, 464, 419824585.92934853]
[777, 465, 994053396.38362265]
[777, 466, 1205876668.1681635]
[777, 467, 949312508.13721311]
[777, 468, 544004663.03702545]
[777, 469, 444411537.67208564]
[777, 475, 256215941.10050544]
[777, 478, 254298726.19451278]
[777, 479, 269980917.19673419]
[777, 487, 270871454.37419844]
[777, 488, 420048520.52717727]
[777, 489, 413898868.77923828]
[777, 490, 345399487.43827879]
[777, 491, 305463216.69278646]
[777, 492, 240993375.63307089]
[778, 454, 240478969.12477201]
[778, 464, 332815105.9994514]
[778, 465, 702830849.15138829]
[778, 466, 855535879.31584013]
[778, 467, 616536985.53546619]
[778, 468, 287086211.73757446]
[778, 469, 254796767.04542792]
[778, 485, 240524823.50933999]
[778, 486, 247697419.88681769]
[778, 488, 244743496.04527652]
[778, 549, 281913232.29672515]
[778, 550, 282919613.65814769]
[779, 465, 243048424.49524486]
[779, 466, 316964929.98702466]
[779, 472, 258497240.2800895]
[779, 473, 325285324.95501041]
[779, 474, 276920957.23009688]
[779, 485, 279249827.33465946]
[779, 486, 274995299.33186841]
[779, 549, 497189335.27186286]
[779, 550, 502279315.69318825]
[779, 551, 235934976.41018334]
[780, 472, 278458145.82390523]
[780, 473, 353832731.90787941]
[780, 474, 285735135.97361588]
[780, 548, 272584029.10176069]
[780, 549, 674039285.19903278]
[780, 550, 640659616.92503965]
[780, 551, 259387735.63816434]
[781, 472, 298119728.07381493]
[781, 473, 337746488.68751508]
[781, 474, 240234486.5455465]
[781, 480, 248952024.29782099]
[781, 481, 278990929.89501357]
[781, 482, 254104669.26345342]
[781, 549, 608352397.95189333]
[781, 550, 540774871.13653421]
[782, 472, 247035764.178597]
[782, 473, 268583455.15412992]
[782, 480, 286785523.31571758]
[782, 481, 363054104.14280206]
[782, 482, 343871835.34156668]
[782, 483, 296600673.12513614]
[782, 484, 252787847.61603361]
[782, 539, 308979846.21458042]
[782, 540, 249719019.15612584]
[782, 545, 374329591.29673815]
[782, 546, 332930319.28476739]
[782, 549, 469301691.48186463]
[782, 550, 440931998.32003605]
[783, 480, 252451722.1604673]
[783, 481, 308640907.12364513]
[783, 482, 288108693.48826176]
[783, 483, 245813802.77415836]
[783, 539, 317702046.98631942]
[783, 540, 261002755.56796762]
[783, 542, 267688844.11422783]
[783, 544, 238153461.14056972]
[783, 545, 539691975.14060009]
[783, 546, 462463850.38397998]
[783, 549, 294352149.53851163]
[783, 550, 325690962.20846426]
[783, 568, 363189819.64694262]
[783, 569, 367966225.92681295]
[784, 465, 277114257.60119122]
[784, 466, 373961772.26714587]
[784, 467, 327463523.2787534]
[784, 539, 241002439.6617589]
[784, 542, 245737190.96189958]
[784, 545, 527364119.38947165]
[784, 546, 438107374.61280215]
[784, 553, 246180505.50105715]
[784, 566, 235254757.58716097]
[784, 567, 296479152.8890444]
[784, 568, 410000659.96820962]
[784, 569, 423491128.99526578]
[785, 465, 389624071.04213929]
[785, 466, 464764028.68202668]
[785, 467, 404321887.15773487]
[785, 468, 254445937.38749036]
[785, 545, 325023694.50346589]
[785, 546, 269573273.86115491]
[785, 565, 255457712.98828381]
[785, 566, 321251646.14633602]
[785, 567, 288754209.86194801]
[785, 568, 304615418.63939697]
[785, 569, 309955709.19611537]
[786, 465, 422139998.58016026]
[786, 466, 487042556.36825001]
[786, 467, 449886786.26556873]
[786, 468, 308782868.59583938]
[786, 469, 235183135.79073977]
[786, 566, 267108351.26522315]
[787, 465, 406101023.2000581]
[787, 466, 435566480.0089168]
[787, 467, 373784427.97340447]
[788, 464, 260086977.85342523]
[788, 465, 435734714.68080837]
[788, 466, 408638794.13768876]
[788, 467, 313594682.60709441]
[788, 576, 369856871.46156478]
[788, 577, 269646168.67794824]
[789, 456, 255409488.86527583]
[789, 457, 240554163.31004196]
[789, 465, 301951862.36801553]
[789, 466, 281451955.90670294]
[789, 575, 269295141.3190943]
[789, 576, 441221449.62510097]
[789, 577, 320346112.4668979]
[790, 576, 347498078.73125923]
[790, 577, 258996107.80475169]
